>u12-atac-five start=-20	(n=259)
A	C	G	T
0.2277992278	0.277992278	0.2741312741	0.2200772201
0.2277992278	0.2586872587	0.2316602317	0.2818532819
0.2664092664	0.2162162162	0.277992278	0.2393822394
0.2355212355	0.2007722008	0.3127413127	0.250965251
0.2548262548	0.1930501931	0.277992278	0.2741312741
0.2007722008	0.2702702703	0.277992278	0.250965251
0.2316602317	0.2625482625	0.277992278	0.2277992278
0.3397683398	0.2548262548	0.1930501931	0.2123552124
0.3011583012	0.2046332046	0.1853281853	0.3088803089
0.2625482625	0.305019305	0.2046332046	0.2277992278
0.2548262548	0.2702702703	0.2200772201	0.2548262548
0.3166023166	0.1776061776	0.2586872587	0.2471042471
0.250965251	0.2818532819	0.1969111969	0.2702702703
0.2625482625	0.2934362934	0.2355212355	0.2084942085
0.3359073359	0.1891891892	0.2239382239	0.250965251
0.2664092664	0.1853281853	0.2857142857	0.2625482625
0.3204633205	0.2162162162	0.2586872587	0.2046332046
0.3127413127	0.2200772201	0.2586872587	0.2084942085
0.250965251	0.332046332	0.1583011583	0.2586872587
0.2239382239	0.2123552124	0.1158301158	0.4478764479
1.0	0.0	0.0	0.0
0.0	0.0	0.0	1.0
1.0	0.0	0.0	0.0
0.0	0.0038610039	0.0	0.9961389961
0.0	1.0	0.0	0.0
0.0038610039	0.9575289575	0.0	0.0386100386
0.0154440154	0.0077220077	0.0038610039	0.972972973
0.0154440154	0.0308880309	0.0424710425	0.9111969112
0.0579150579	0.1969111969	0.1042471042	0.6409266409
0.166023166	0.2586872587	0.2007722008	0.3745173745
0.2355212355	0.2895752896	0.1776061776	0.2972972973
0.2200772201	0.1853281853	0.2741312741	0.3204633205
0.2393822394	0.1505791506	0.2857142857	0.3243243243
0.2277992278	0.2046332046	0.2741312741	0.2934362934
0.2432432432	0.2162162162	0.3127413127	0.2277992278
0.2355212355	0.2200772201	0.2316602317	0.3127413127
0.2857142857	0.166023166	0.2664092664	0.2818532819
0.277992278	0.2162162162	0.2393822394	0.2664092664
0.2200772201	0.2355212355	0.2741312741	0.2702702703
0.2471042471	0.2162162162	0.2393822394	0.2972972973
>u12-atac-three start=-20	(n=259)
A	C	G	T
0.1505791506	0.3127413127	0.1467181467	0.38996139
0.0965250965	0.3629343629	0.0849420849	0.4555984556
0.0810810811	0.3590733591	0.0424710425	0.5173745174
0.1235521236	0.3552123552	0.0463320463	0.4749034749
0.1930501931	0.332046332	0.0617760618	0.4131274131
0.2664092664	0.1969111969	0.0579150579	0.4787644788
0.277992278	0.2471042471	0.1042471042	0.3706563707
0.3745173745	0.2084942085	0.1003861004	0.3166023166
0.3204633205	0.2548262548	0.1312741313	0.2934362934
0.2741312741	0.3166023166	0.1312741313	0.277992278
0.2702702703	0.2664092664	0.1235521236	0.3397683398
0.2046332046	0.1969111969	0.2123552124	0.3861003861
0.2200772201	0.2702702703	0.2046332046	0.305019305
0.1969111969	0.2857142857	0.1737451737	0.3436293436
0.1891891892	0.3204633205	0.2200772201	0.2702702703
0.1853281853	0.3011583012	0.1196911197	0.3938223938
0.1930501931	0.2895752896	0.1776061776	0.3397683398
0.1081081081	0.6332046332	0.0115830116	0.2471042471
1.0	0.0	0.0	0.0
0.0	1.0	0.0	0.0
0.4787644788	0.1969111969	0.1428571429	0.1814671815
0.1042471042	0.2316602317	0.1544401544	0.5096525097
0.4285714286	0.1583011583	0.1776061776	0.2355212355
0.138996139	0.2007722008	0.2046332046	0.4555984556
0.2123552124	0.250965251	0.2857142857	0.250965251
0.2432432432	0.2277992278	0.250965251	0.277992278
0.3011583012	0.2123552124	0.2239382239	0.2625482625
0.2432432432	0.277992278	0.2239382239	0.2548262548
0.3436293436	0.2007722008	0.1891891892	0.2664092664
0.2548262548	0.2123552124	0.1969111969	0.3359073359
0.1930501931	0.2239382239	0.3281853282	0.2548262548
0.2586872587	0.2393822394	0.2162162162	0.2857142857
0.2432432432	0.2239382239	0.2316602317	0.3011583012
0.2007722008	0.2393822394	0.2586872587	0.3011583012
0.2355212355	0.2084942085	0.2664092664	0.2895752896
0.2548262548	0.250965251	0.2239382239	0.2702702703
0.277992278	0.1891891892	0.2355212355	0.2972972973
0.2239382239	0.2432432432	0.2625482625	0.2702702703
0.305019305	0.2432432432	0.1544401544	0.2972972973
0.2857142857	0.1891891892	0.2934362934	0.2316602317
>u12-gtag-five start=-20	(n=259)
A	C	G	T
0.2277992278	0.277992278	0.2741312741	0.2200772201
0.2277992278	0.2586872587	0.2316602317	0.2818532819
0.2664092664	0.2162162162	0.277992278	0.2393822394
0.2355212355	0.2007722008	0.3127413127	0.250965251
0.2548262548	0.1930501931	0.277992278	0.2741312741
0.2007722008	0.2702702703	0.277992278	0.250965251
0.2316602317	0.2625482625	0.277992278	0.2277992278
0.3397683398	0.2548262548	0.1930501931	0.2123552124
0.3011583012	0.2046332046	0.1853281853	0.3088803089
0.2625482625	0.305019305	0.2046332046	0.2277992278
0.2548262548	0.2702702703	0.2200772201	0.2548262548
0.3166023166	0.1776061776	0.2586872587	0.2471042471
0.250965251	0.2818532819	0.1969111969	0.2702702703
0.2625482625	0.2934362934	0.2355212355	0.2084942085
0.3359073359	0.1891891892	0.2239382239	0.250965251
0.2664092664	0.1853281853	0.2857142857	0.2625482625
0.3204633205	0.2162162162	0.2586872587	0.2046332046
0.3127413127	0.2200772201	0.2586872587	0.2084942085
0.250965251	0.332046332	0.1583011583	0.2586872587
0.2239382239	0.2123552124	0.1158301158	0.4478764479
0.0	0.0	1.0	0.0
0.0	0.0	0.0	1.0
1.0	0.0	0.0	0.0
0.0	0.0038610039	0.0	0.9961389961
0.0	1.0	0.0	0.0
0.0038610039	0.9575289575	0.0	0.0386100386
0.0154440154	0.0077220077	0.0038610039	0.972972973
0.0154440154	0.0308880309	0.0424710425	0.9111969112
0.0579150579	0.1969111969	0.1042471042	0.6409266409
0.166023166	0.2586872587	0.2007722008	0.3745173745
0.2355212355	0.2895752896	0.1776061776	0.2972972973
0.2200772201	0.1853281853	0.2741312741	0.3204633205
0.2393822394	0.1505791506	0.2857142857	0.3243243243
0.2277992278	0.2046332046	0.2741312741	0.2934362934
0.2432432432	0.2162162162	0.3127413127	0.2277992278
0.2355212355	0.2200772201	0.2316602317	0.3127413127
0.2857142857	0.166023166	0.2664092664	0.2818532819
0.277992278	0.2162162162	0.2393822394	0.2664092664
0.2200772201	0.2355212355	0.2741312741	0.2702702703
0.2471042471	0.2162162162	0.2393822394	0.2972972973
>u12-gtag-three start=-20	(n=259)
A	C	G	T
0.1505791506	0.3127413127	0.1467181467	0.38996139
0.0965250965	0.3629343629	0.0849420849	0.4555984556
0.0810810811	0.3590733591	0.0424710425	0.5173745174
0.1235521236	0.3552123552	0.0463320463	0.4749034749
0.1930501931	0.332046332	0.0617760618	0.4131274131
0.2664092664	0.1969111969	0.0579150579	0.4787644788
0.277992278	0.2471042471	0.1042471042	0.3706563707
0.3745173745	0.2084942085	0.1003861004	0.3166023166
0.3204633205	0.2548262548	0.1312741313	0.2934362934
0.2741312741	0.3166023166	0.1312741313	0.277992278
0.2702702703	0.2664092664	0.1235521236	0.3397683398
0.2046332046	0.1969111969	0.2123552124	0.3861003861
0.2200772201	0.2702702703	0.2046332046	0.305019305
0.1969111969	0.2857142857	0.1737451737	0.3436293436
0.1891891892	0.3204633205	0.2200772201	0.2702702703
0.1853281853	0.3011583012	0.1196911197	0.3938223938
0.1930501931	0.2895752896	0.1776061776	0.3397683398
0.1081081081	0.6332046332	0.0115830116	0.2471042471
1.0	0.0	0.0	0.0
0.0	0.0	1.0	0.0
0.4787644788	0.1969111969	0.1428571429	0.1814671815
0.1042471042	0.2316602317	0.1544401544	0.5096525097
0.4285714286	0.1583011583	0.1776061776	0.2355212355
0.138996139	0.2007722008	0.2046332046	0.4555984556
0.2123552124	0.250965251	0.2857142857	0.250965251
0.2432432432	0.2277992278	0.250965251	0.277992278
0.3011583012	0.2123552124	0.2239382239	0.2625482625
0.2432432432	0.277992278	0.2239382239	0.2548262548
0.3436293436	0.2007722008	0.1891891892	0.2664092664
0.2548262548	0.2123552124	0.1969111969	0.3359073359
0.1930501931	0.2239382239	0.3281853282	0.2548262548
0.2586872587	0.2393822394	0.2162162162	0.2857142857
0.2432432432	0.2239382239	0.2316602317	0.3011583012
0.2007722008	0.2393822394	0.2586872587	0.3011583012
0.2355212355	0.2084942085	0.2664092664	0.2895752896
0.2548262548	0.250965251	0.2239382239	0.2702702703
0.277992278	0.1891891892	0.2355212355	0.2972972973
0.2239382239	0.2432432432	0.2625482625	0.2702702703
0.305019305	0.2432432432	0.1544401544	0.2972972973
0.2857142857	0.1891891892	0.2934362934	0.2316602317
>u12-gtag-bp-vA10	(n=116)
A	C	G	T
0.1896551724	0.1465517241	0.1896551724	0.474137931
0.2068965517	0.1379310345	0.1465517241	0.5086206897
0.1465517241	0.1293103448	0.1637931034	0.5603448276
0.0689655172	0.1465517241	0.0862068966	0.6982758621
0.0	0.8965517241	0.0	0.1034482759
0.0	0.9224137931	0.0	0.0775862069
0.0	0.0	0.0	1.0
0.0	0.0	0.0	1.0
0.6637931034	0.0	0.2931034483	0.0431034483
1.0	0.0	0.0	0.0
0.0	0.7931034483	0.0	0.2068965517
0.2327586207	0.1982758621	0.1034482759	0.4655172414
>u12-atac-bp-vA10       (n=116)
A       C       G       T
0.1896551724    0.1465517241    0.1896551724    0.474137931
0.2068965517    0.1379310345    0.1465517241    0.5086206897
0.1465517241    0.1293103448    0.1637931034    0.5603448276
0.0689655172    0.1465517241    0.0862068966    0.6982758621
0.0     0.8965517241    0.0     0.1034482759
0.0     0.9224137931    0.0     0.0775862069
0.0     0.0     0.0     1.0
0.0     0.0     0.0     1.0
0.6637931034    0.0     0.2931034483    0.0431034483
1.0     0.0     0.0     0.0
0.0     0.7931034483    0.0     0.2068965517
0.2327586207    0.1982758621    0.1034482759    0.4655172414
>u12-gtag-bp-vA9	(n=92)
A	C	G	T
0.1956521739	0.0869565217	0.2065217391	0.5108695652
0.2065217391	0.0869565217	0.1304347826	0.5760869565
0.1413043478	0.1304347826	0.1739130435	0.5543478261
0.0434782609	0.1304347826	0.0869565217	0.7391304348
0.0	0.8804347826	0.0	0.1195652174
0.0	0.9130434783	0.0	0.0869565217
0.0	0.0	0.0	1.0
0.0	0.0	0.0	1.0
1.0	0.0	0.0	0.0
0.8369565217	0.0108695652	0.1086956522	0.0434782609
0.0	0.7934782609	0.0	0.2065217391
0.25	0.1630434783	0.097826087	0.4891304348
>u12-atac-bp-vA9        (n=92)
A       C       G       T
0.1956521739    0.0869565217    0.2065217391    0.5108695652
0.2065217391    0.0869565217    0.1304347826    0.5760869565
0.1413043478    0.1304347826    0.1739130435    0.5543478261
0.0434782609    0.1304347826    0.0869565217    0.7391304348
0.0     0.8804347826    0.0     0.1195652174
0.0     0.9130434783    0.0     0.0869565217
0.0     0.0     0.0     1.0
0.0     0.0     0.0     1.0
1.0     0.0     0.0     0.0
0.8369565217    0.0108695652    0.1086956522    0.0434782609
0.0     0.7934782609    0.0     0.2065217391
0.25    0.1630434783    0.097826087     0.4891304348
>u2_gcag_five	start=-20	(n=94)
A	C	G	T
0.2234042553	0.329787234	0.2234042553	0.2234042553
0.2340425532	0.2765957447	0.2234042553	0.2659574468
0.2234042553	0.2234042553	0.3829787234	0.170212766
0.3723404255	0.2765957447	0.1170212766	0.2340425532
0.2340425532	0.1914893617	0.2978723404	0.2765957447
0.2021276596	0.1808510638	0.2659574468	0.3510638298
0.3936170213	0.2340425532	0.2021276596	0.170212766
0.2021276596	0.2765957447	0.329787234	0.1914893617
0.1808510638	0.3404255319	0.2234042553	0.2553191489
0.2234042553	0.1489361702	0.2340425532	0.3936170213
0.2659574468	0.2340425532	0.329787234	0.170212766
0.1914893617	0.170212766	0.4255319149	0.2127659574
0.2446808511	0.2021276596	0.2765957447	0.2765957447
0.4255319149	0.1914893617	0.1276595745	0.2553191489
0.2872340426	0.1808510638	0.1808510638	0.3510638298
0.1914893617	0.2021276596	0.1595744681	0.4468085106
0.3510638298	0.2446808511	0.2127659574	0.1914893617
0.3085106383	0.3829787234	0.1808510638	0.1276595745
0.8085106383	0.0106382979	0.085106383	0.0957446809
0.0531914894	0.0	0.9468085106	0.0
0.0	0.0	1.0	0.0
0.0	1.0	0.0	0.0
0.7765957447	0.0212765957	0.0957446809	0.1063829787
0.5957446809	0.0638297872	0.1595744681	0.1808510638
0.0319148936	0.0212765957	0.9255319149	0.0212765957
0.1276595745	0.1276595745	0.1382978723	0.6063829787
0.2234042553	0.170212766	0.3936170213	0.2127659574
0.170212766	0.2872340426	0.2553191489	0.2872340426
0.1808510638	0.4042553191	0.1595744681	0.2553191489
0.3936170213	0.170212766	0.1808510638	0.2553191489
0.170212766	0.3191489362	0.2127659574	0.2978723404
0.1489361702	0.2765957447	0.170212766	0.4042553191
0.3085106383	0.1914893617	0.2127659574	0.2872340426
0.1382978723	0.3617021277	0.2021276596	0.2978723404
0.2127659574	0.2234042553	0.2553191489	0.3085106383
0.170212766	0.2978723404	0.2446808511	0.2872340426
0.2340425532	0.2659574468	0.2340425532	0.2659574468
0.2021276596	0.3191489362	0.2127659574	0.2659574468
0.2234042553	0.2127659574	0.3191489362	0.2446808511
0.1382978723	0.1595744681	0.3404255319	0.3617021277
>u2_gcag_three	start=-20	(n=94)
A	C	G	T
0.1595744681	0.2127659574	0.1063829787	0.5212765957
0.1808510638	0.2659574468	0.1489361702	0.4042553191
0.1914893617	0.2446808511	0.1170212766	0.4468085106
0.2234042553	0.1808510638	0.1382978723	0.4574468085
0.1808510638	0.2446808511	0.085106383	0.4893617021
0.1063829787	0.329787234	0.1063829787	0.4574468085
0.1382978723	0.2127659574	0.1170212766	0.5319148936
0.085106383	0.2659574468	0.1489361702	0.5
0.1489361702	0.3085106383	0.0744680851	0.4680851064
0.085106383	0.2340425532	0.1276595745	0.5531914894
0.085106383	0.2659574468	0.1489361702	0.5
0.1063829787	0.329787234	0.1595744681	0.4042553191
0.1595744681	0.2978723404	0.1595744681	0.3829787234
0.1170212766	0.2872340426	0.0957446809	0.5
0.1595744681	0.2765957447	0.1063829787	0.4574468085
0.1276595745	0.329787234	0.1063829787	0.4361702128
0.2234042553	0.2765957447	0.1808510638	0.3191489362
0.0425531915	0.5957446809	0.0425531915	0.3191489362
1.0	0.0	0.0	0.0
0.0	0.0	1.0	0.0
0.1914893617	0.0744680851	0.6382978723	0.0957446809
0.2446808511	0.1914893617	0.1595744681	0.4042553191
0.2234042553	0.3085106383	0.2021276596	0.2659574468
0.2127659574	0.2446808511	0.2446808511	0.2978723404
0.2340425532	0.1914893617	0.3404255319	0.2340425532
0.2659574468	0.1382978723	0.2340425532	0.3617021277
0.2659574468	0.2021276596	0.329787234	0.2021276596
0.329787234	0.2340425532	0.1914893617	0.2446808511
0.2765957447	0.2659574468	0.2234042553	0.2340425532
0.2978723404	0.1914893617	0.2765957447	0.2340425532
0.3617021277	0.2021276596	0.1808510638	0.2553191489
0.1914893617	0.1914893617	0.2765957447	0.3404255319
0.2446808511	0.1914893617	0.329787234	0.2340425532
0.3191489362	0.1914893617	0.2234042553	0.2659574468
0.2234042553	0.2872340426	0.3085106383	0.1808510638
0.2340425532	0.2446808511	0.2978723404	0.2234042553
0.3191489362	0.2234042553	0.2234042553	0.2340425532
0.2127659574	0.2872340426	0.2340425532	0.2659574468
0.2659574468	0.2659574468	0.2978723404	0.170212766
0.2978723404	0.2127659574	0.2340425532	0.2553191489
>u2_gtag_five	start=-20	(n=10445)
A	C	G	T
0.2765916707	0.2283389181	0.2214456678	0.2736237434
0.2437529919	0.2539971278	0.2540928674	0.2481570129
0.2677836285	0.2369554811	0.2619435136	0.2333173767
0.2719004308	0.2328386788	0.2220201053	0.2732407851
0.2453805649	0.2440402106	0.2506462422	0.2599329823
0.2658688368	0.233030158	0.2577309718	0.2433700335
0.2861656295	0.2221158449	0.2263283868	0.2653901388
0.2490186692	0.249305888	0.247199617	0.2544758258
0.2632838679	0.2393489708	0.2651029201	0.2322642413
0.2880804213	0.2331258976	0.2203925323	0.2584011489
0.2650071805	0.2498803255	0.2373384394	0.2477740546
0.2811871709	0.2270943035	0.2612733365	0.2304451891
0.2862613691	0.226519866	0.2111057922	0.2761129727
0.2646242221	0.2512206798	0.2202967927	0.2638583054
0.2813786501	0.2272857827	0.245572044	0.2457635232
0.3052178076	0.2149353758	0.2027764481	0.2770703686
0.3088559119	0.2440402106	0.2173288655	0.229775012
0.359310675	0.3248444232	0.1851603638	0.1306845381
0.6388702729	0.1005265677	0.1060794639	0.1545236955
0.101388224	0.0287218765	0.7980852082	0.0718046912
0.0	0.0	1.0	0.0
0.0	0.0	0.0	1.0
0.6221158449	0.0282431786	0.3161321206	0.0335088559
0.6963140258	0.0676878889	0.1070368597	0.1289612255
0.0934418382	0.0470081379	0.7750119674	0.0845380565
0.1764480613	0.144662518	0.1780756343	0.5008137865
0.3186213499	0.1743417903	0.2750598372	0.2319770225
0.2428913356	0.227668741	0.222786022	0.3066539014
0.234179033	0.2426998564	0.2185734801	0.3045476304
0.2378171374	0.2176160843	0.2386787937	0.3058879847
0.2327429392	0.2247965534	0.237434179	0.3050263284
0.2273815223	0.2193393968	0.2371469603	0.3161321206
0.2154140737	0.2274772618	0.2398276687	0.3172809957
0.2263283868	0.2140737195	0.2349449497	0.324652944
0.2218286261	0.2258496888	0.2389660124	0.3133556726
0.2202967927	0.2228817616	0.2360938248	0.3207276209
0.2247965534	0.2224030637	0.2443274294	0.3084729536
0.2218286261	0.2083293442	0.250454763	0.3193872666
0.2228817616	0.2193393968	0.2494973672	0.3082814744
0.2307324079	0.2135950215	0.2428913356	0.312781235
>u2_gtag_three	start=-20	(n=10445)
A	C	G	T
0.206510292	0.2268070847	0.1473432264	0.4193393968
0.1933939684	0.228147439	0.1445667784	0.4338918143
0.175107707	0.2398276687	0.1426519866	0.4424126376
0.1635232169	0.2471038775	0.1365246529	0.4528482528
0.1414073719	0.2526567736	0.1324078506	0.4735280038
0.1313547152	0.2542843466	0.1301101005	0.4842508377
0.119291527	0.24882719	0.1189085687	0.5129727142
0.1130684538	0.2457635232	0.1169937769	0.5241742461
0.1001436094	0.2539013882	0.1069411202	0.5390138822
0.0870272858	0.2432742939	0.0987075156	0.5709909047
0.0860698899	0.2575394926	0.1042604117	0.5521302058
0.1082814744	0.2677836285	0.1140258497	0.5099090474
0.1112494016	0.2964097654	0.0972714217	0.4950694112
0.116036381	0.3097175682	0.0874102441	0.4868358066
0.093729057	0.301866922	0.0647199617	0.5396840594
0.0918142652	0.2630923887	0.0680708473	0.5770224988
0.2402106271	0.2508377214	0.1960746769	0.3128769746
0.0630923887	0.5969363332	0.0051699378	0.3348013404
1.0	0.0	0.0	0.0
0.0	0.0	1.0	0.0
0.2320727621	0.1328865486	0.508377214	0.1266634753
0.217903303	0.1910962183	0.1917663954	0.3992340833
0.2634753471	0.2125418861	0.229775012	0.2942077549
0.2384873145	0.2324557204	0.2331258976	0.2959310675
0.2547630445	0.224892293	0.2164672092	0.3038774533
0.2589755864	0.2210627094	0.2494016276	0.2705600766
0.2715174725	0.2107228339	0.2793681187	0.2383915749
0.2892292963	0.209765438	0.2197223552	0.2812829105
0.2620392532	0.2198180948	0.2538056486	0.2643370034
0.2665390139	0.2279559598	0.2669219722	0.2385830541
0.2795595979	0.2098611776	0.226041168	0.2845380565
0.2535184299	0.2193393968	0.2702728578	0.2568693155
0.2670177118	0.2164672092	0.2743896601	0.2421254189
0.2776448061	0.2231689804	0.2214456678	0.2777405457
0.2564863571	0.2282431786	0.247678315	0.2675921494
0.2584968885	0.2269985639	0.27209191	0.2424126376
0.2776448061	0.2145524174	0.231402585	0.2764001915
0.2545715653	0.2335088559	0.2554332216	0.2564863571
0.2766874102	0.219530876	0.2754427956	0.2283389181
0.296984203	0.2186692197	0.2293920536	0.2549545237
