>u12-gtag-bp-vA10	(n=116)
A	C	G	T
0.1896551724	0.1465517241	0.1896551724	0.474137931
0.2068965517	0.1379310345	0.1465517241	0.5086206897
0.1465517241	0.1293103448	0.1637931034	0.5603448276
0.0689655172	0.1465517241	0.0862068966	0.6982758621
0.0	0.8965517241	0.0	0.1034482759
0.0	0.9224137931	0.0	0.0775862069
0.0	0.0	0.0	1.0
0.0	0.0	0.0	1.0
0.6637931034	0.0	0.2931034483	0.0431034483
1.0	0.0	0.0	0.0
0.0	0.7931034483	0.0	0.2068965517
0.2327586207	0.1982758621	0.1034482759	0.4655172414
>u12-atac-bp-vA10       (n=116)
A       C       G       T
0.1896551724    0.1465517241    0.1896551724    0.474137931
0.2068965517    0.1379310345    0.1465517241    0.5086206897
0.1465517241    0.1293103448    0.1637931034    0.5603448276
0.0689655172    0.1465517241    0.0862068966    0.6982758621
0.0     0.8965517241    0.0     0.1034482759
0.0     0.9224137931    0.0     0.0775862069
0.0     0.0     0.0     1.0
0.0     0.0     0.0     1.0
0.6637931034    0.0     0.2931034483    0.0431034483
1.0     0.0     0.0     0.0
0.0     0.7931034483    0.0     0.2068965517
0.2327586207    0.1982758621    0.1034482759    0.4655172414
>u12-gtag-bp-vA9	(n=92)
A	C	G	T
0.1956521739	0.0869565217	0.2065217391	0.5108695652
0.2065217391	0.0869565217	0.1304347826	0.5760869565
0.1413043478	0.1304347826	0.1739130435	0.5543478261
0.0434782609	0.1304347826	0.0869565217	0.7391304348
0.0	0.8804347826	0.0	0.1195652174
0.0	0.9130434783	0.0	0.0869565217
0.0	0.0	0.0	1.0
0.0	0.0	0.0	1.0
1.0	0.0	0.0	0.0
0.8369565217	0.0108695652	0.1086956522	0.0434782609
0.0	0.7934782609	0.0	0.2065217391
0.25	0.1630434783	0.097826087	0.4891304348
>u12-atac-bp-vA9        (n=92)
A       C       G       T
0.1956521739    0.0869565217    0.2065217391    0.5108695652
0.2065217391    0.0869565217    0.1304347826    0.5760869565
0.1413043478    0.1304347826    0.1739130435    0.5543478261
0.0434782609    0.1304347826    0.0869565217    0.7391304348
0.0     0.8804347826    0.0     0.1195652174
0.0     0.9130434783    0.0     0.0869565217
0.0     0.0     0.0     1.0
0.0     0.0     0.0     1.0
1.0     0.0     0.0     0.0
0.8369565217    0.0108695652    0.1086956522    0.0434782609
0.0     0.7934782609    0.0     0.2065217391
0.25    0.1630434783    0.097826087     0.4891304348
