>u12_atac_five	start=-20	(n=114)
A	C	G	T
0.2631578947	0.2105263158	0.350877193	0.1754385965
0.2631578947	0.2105263158	0.2719298246	0.2543859649
0.2719298246	0.2368421053	0.2894736842	0.201754386
0.3421052632	0.2543859649	0.3070175439	0.0964912281
0.2631578947	0.2456140351	0.2280701754	0.2631578947
0.2456140351	0.2631578947	0.2719298246	0.2192982456
0.2719298246	0.2456140351	0.2280701754	0.2543859649
0.3596491228	0.2368421053	0.2192982456	0.1842105263
0.3771929825	0.1842105263	0.2105263158	0.2280701754
0.2894736842	0.2719298246	0.2192982456	0.2192982456
0.2368421053	0.2368421053	0.2456140351	0.2807017544
0.3070175439	0.1052631579	0.2807017544	0.3070175439
0.2280701754	0.3421052632	0.1842105263	0.2456140351
0.3157894737	0.2719298246	0.1842105263	0.2280701754
0.3245614035	0.1754385965	0.2280701754	0.2719298246
0.2280701754	0.2368421053	0.3421052632	0.1929824561
0.3771929825	0.201754386	0.2192982456	0.201754386
0.3421052632	0.2719298246	0.1754385965	0.2105263158
0.350877193	0.2368421053	0.1403508772	0.2719298246
0.3421052632	0.1666666667	0.3421052632	0.149122807
1.0	0.0	0.0	0.0
0.0	0.0	0.0	1.0
1.0	0.0	0.0	0.0
0.0	0.0	0.0	1.0
0.0	1.0	0.0	0.0
0.0087719298	0.9824561404	0.0	0.0087719298
0.0087719298	0.0	0.0087719298	0.9824561404
0.0087719298	0.0526315789	0.0526315789	0.8859649123
0.0526315789	0.1666666667	0.0438596491	0.7368421053
0.1578947368	0.2631578947	0.2543859649	0.3245614035
0.2280701754	0.298245614	0.1842105263	0.2894736842
0.2105263158	0.2280701754	0.2631578947	0.298245614
0.2192982456	0.1228070175	0.298245614	0.3596491228
0.2105263158	0.2192982456	0.2719298246	0.298245614
0.2368421053	0.2192982456	0.298245614	0.2456140351
0.2543859649	0.1842105263	0.2543859649	0.3070175439
0.1754385965	0.2192982456	0.3245614035	0.2807017544
0.3070175439	0.1666666667	0.2719298246	0.2543859649
0.2280701754	0.2456140351	0.298245614	0.2280701754
0.2192982456	0.201754386	0.2456140351	0.3333333333
>u12_atac_three	start=-20	(n=114)
A	C	G	T
0.2280701754	0.1842105263	0.1842105263	0.4035087719
0.1052631579	0.2543859649	0.149122807	0.4912280702
0.0964912281	0.2543859649	0.1140350877	0.5350877193
0.0614035088	0.3947368421	0.0526315789	0.4912280702
0.0789473684	0.4561403509	0.0526315789	0.4122807018
0.1315789474	0.3421052632	0.0263157895	0.5
0.2192982456	0.2807017544	0.0263157895	0.4736842105
0.2631578947	0.1578947368	0.0964912281	0.4824561404
0.3771929825	0.1754385965	0.1052631579	0.3421052632
0.3859649123	0.2894736842	0.0877192982	0.2368421053
0.298245614	0.3333333333	0.0877192982	0.2807017544
0.1929824561	0.2894736842	0.2105263158	0.3070175439
0.2456140351	0.2719298246	0.1403508772	0.3421052632
0.1929824561	0.2368421053	0.2543859649	0.3157894737
0.1842105263	0.3245614035	0.1929824561	0.298245614
0.149122807	0.298245614	0.1403508772	0.4122807018
0.201754386	0.1754385965	0.2368421053	0.3859649123
0.0877192982	0.5614035088	0.0087719298	0.3421052632
1.0	0.0	0.0	0.0
0.0	1.0	0.0	0.0
0.4298245614	0.2280701754	0.1842105263	0.1578947368
0.0701754386	0.1842105263	0.1842105263	0.5614035088
0.350877193	0.1754385965	0.201754386	0.2719298246
0.2105263158	0.201754386	0.1403508772	0.4473684211
0.2631578947	0.2719298246	0.2192982456	0.2456140351
0.2543859649	0.2368421053	0.1929824561	0.3157894737
0.350877193	0.2368421053	0.2280701754	0.1842105263
0.2807017544	0.1929824561	0.2192982456	0.3070175439
0.3245614035	0.2105263158	0.2105263158	0.2543859649
0.2631578947	0.149122807	0.2105263158	0.3771929825
0.2543859649	0.1403508772	0.3333333333	0.2719298246
0.2543859649	0.1842105263	0.2280701754	0.3333333333
0.2543859649	0.298245614	0.2280701754	0.2192982456
0.2719298246	0.2807017544	0.2105263158	0.2368421053
0.298245614	0.2368421053	0.2192982456	0.2456140351
0.2456140351	0.298245614	0.1842105263	0.2719298246
0.2368421053	0.2543859649	0.2368421053	0.2719298246
0.3070175439	0.2192982456	0.201754386	0.2719298246
0.2543859649	0.2543859649	0.2192982456	0.2719298246
0.2807017544	0.201754386	0.298245614	0.2192982456
>u12_gtag_five	start=-20	(n=323)
A	C	G	T
0.2507739938	0.2817337461	0.2476780186	0.2198142415
0.2631578947	0.2507739938	0.2321981424	0.253869969
0.2631578947	0.1950464396	0.2786377709	0.2631578947
0.1981424149	0.2321981424	0.3003095975	0.2693498452
0.2724458204	0.2105263158	0.2631578947	0.253869969
0.226006192	0.2600619195	0.2507739938	0.2631578947
0.2414860681	0.2724458204	0.2631578947	0.2229102167
0.3095975232	0.226006192	0.213622291	0.2507739938
0.2724458204	0.2291021672	0.2321981424	0.26625387
0.2445820433	0.2693498452	0.2352941176	0.2507739938
0.2724458204	0.253869969	0.2445820433	0.2291021672
0.2724458204	0.2198142415	0.2631578947	0.2445820433
0.2445820433	0.2848297214	0.2012383901	0.2693498452
0.26625387	0.2755417957	0.2383900929	0.2198142415
0.306501548	0.2167182663	0.1671826625	0.3095975232
0.2631578947	0.2012383901	0.26625387	0.2693498452
0.3003095975	0.2043343653	0.2352941176	0.2600619195
0.2910216718	0.213622291	0.2755417957	0.2198142415
0.2012383901	0.3777089783	0.1640866873	0.2569659443
0.2569659443	0.1919504644	0.0340557276	0.5170278638
0.0	0.0	1.0	0.0
0.0	0.0	0.0	1.0
1.0	0.0	0.0	0.0
0.0	0.0030959752	0.0	0.9969040248
0.0	1.0	0.0	0.0
0.0	0.9504643963	0.0	0.0495356037
0.0216718266	0.0154798762	0.0030959752	0.959752322
0.0309597523	0.0588235294	0.0340557276	0.8761609907
0.0588235294	0.226006192	0.1083591331	0.6068111455
0.1640866873	0.2941176471	0.1919504644	0.3498452012
0.2414860681	0.26625387	0.1981424149	0.2941176471
0.226006192	0.2198142415	0.2600619195	0.2941176471
0.2476780186	0.173374613	0.306501548	0.2724458204
0.2229102167	0.2105263158	0.2724458204	0.2941176471
0.26625387	0.2043343653	0.2817337461	0.2476780186
0.2383900929	0.2229102167	0.2229102167	0.3157894737
0.2817337461	0.1671826625	0.2724458204	0.2786377709
0.2445820433	0.2074303406	0.26625387	0.2817337461
0.2105263158	0.226006192	0.2941176471	0.2693498452
0.2693498452	0.1950464396	0.2352941176	0.3003095975
>u12_gtag_three	start=-20	(n=323)
A	C	G	T
0.1114551084	0.3591331269	0.1021671827	0.427244582
0.0835913313	0.399380805	0.0526315789	0.4643962848
0.0897832817	0.386996904	0.0278637771	0.4953560372
0.1517027864	0.3405572755	0.0495356037	0.4582043344
0.253869969	0.2352941176	0.0464396285	0.4643962848
0.3219814241	0.1857585139	0.0773993808	0.4148606811
0.3405572755	0.2352941176	0.1207430341	0.3034055728
0.3746130031	0.26625387	0.0990712074	0.2600619195
0.2941176471	0.2879256966	0.1145510836	0.3034055728
0.2600619195	0.2817337461	0.1517027864	0.306501548
0.2693498452	0.26625387	0.1424148607	0.3219814241
0.213622291	0.2105263158	0.1950464396	0.3808049536
0.1981424149	0.2724458204	0.2012383901	0.3281733746
0.2476780186	0.2693498452	0.1486068111	0.3343653251
0.1919504644	0.3219814241	0.1702786378	0.3157894737
0.1702786378	0.3591331269	0.0897832817	0.3808049536
0.1795665635	0.306501548	0.1517027864	0.3622291022
0.1114551084	0.6904024768	0.0092879257	0.1888544892
1.0	0.0	0.0	0.0
0.0	0.0	1.0	0.0
0.5077399381	0.1919504644	0.1238390093	0.1764705882
0.1269349845	0.213622291	0.133126935	0.5263157895
0.4520123839	0.1578947368	0.1547987616	0.2352941176
0.133126935	0.173374613	0.2043343653	0.4891640867
0.2105263158	0.226006192	0.2817337461	0.2817337461
0.2352941176	0.2074303406	0.2786377709	0.2786377709
0.2879256966	0.1981424149	0.2229102167	0.2910216718
0.2321981424	0.2817337461	0.2198142415	0.26625387
0.3095975232	0.2414860681	0.1888544892	0.2600619195
0.2569659443	0.2291021672	0.2043343653	0.3095975232
0.2167182663	0.2229102167	0.3095975232	0.2507739938
0.2600619195	0.2631578947	0.2229102167	0.253869969
0.26625387	0.1950464396	0.213622291	0.3250773994
0.1888544892	0.253869969	0.2631578947	0.2941176471
0.2414860681	0.1888544892	0.2879256966	0.2817337461
0.2848297214	0.2229102167	0.2291021672	0.2631578947
0.3126934985	0.1950464396	0.2383900929	0.253869969
0.2383900929	0.2291021672	0.2693498452	0.2631578947
0.3126934985	0.226006192	0.2105263158	0.2507739938
0.2848297214	0.2012383901	0.26625387	0.2476780186
