# External sources: 10.1038/ncomms7042, 10.1093/nar/gku391, 10.1101/gad.312058.118, 10.1261/rna.071423.119, U12DB
# Internal sources: multi-way comparisons
# U12-type introns were sourced from multiple empirical studies, and those with 2 or more independent sources
# (requiring >=2 external publications) were kept
>u12_atac_five	start=-20	(n=61)
A	C	G	T
0.262295082	0.2459016393	0.3278688525	0.1639344262
0.2295081967	0.262295082	0.1967213115	0.3114754098
0.2459016393	0.262295082	0.262295082	0.2295081967
0.3606557377	0.2459016393	0.2950819672	0.0983606557
0.2786885246	0.2295081967	0.2459016393	0.2459016393
0.1967213115	0.262295082	0.3278688525	0.2131147541
0.2295081967	0.262295082	0.2786885246	0.2295081967
0.393442623	0.2295081967	0.1967213115	0.1803278689
0.3442622951	0.1967213115	0.1803278689	0.2786885246
0.262295082	0.3442622951	0.1803278689	0.2131147541
0.262295082	0.2459016393	0.1639344262	0.3278688525
0.3606557377	0.1147540984	0.262295082	0.262295082
0.1967213115	0.3770491803	0.1803278689	0.2459016393
0.2786885246	0.3770491803	0.1147540984	0.2295081967
0.3278688525	0.1475409836	0.2786885246	0.2459016393
0.1967213115	0.2295081967	0.3606557377	0.2131147541
0.3770491803	0.2950819672	0.1967213115	0.131147541
0.3606557377	0.2950819672	0.1803278689	0.1639344262
0.3606557377	0.1803278689	0.1475409836	0.3114754098
0.2459016393	0.1967213115	0.3606557377	0.1967213115
1.0	0.0	0.0	0.0
0.0	0.0	0.0	1.0
1.0	0.0	0.0	0.0
0.0	0.0	0.0	1.0
0.0	1.0	0.0	0.0
0.0163934426	0.9836065574	0.0	0.0
0.0163934426	0.0	0.0	0.9836065574
0.0	0.0491803279	0.0491803279	0.9016393443
0.0655737705	0.1475409836	0.0163934426	0.7704918033
0.1475409836	0.2295081967	0.2459016393	0.3770491803
0.262295082	0.3114754098	0.2131147541	0.2131147541
0.262295082	0.1475409836	0.2950819672	0.2950819672
0.2459016393	0.131147541	0.2459016393	0.3770491803
0.262295082	0.2131147541	0.262295082	0.262295082
0.1967213115	0.2131147541	0.393442623	0.1967213115
0.1803278689	0.1803278689	0.2950819672	0.3442622951
0.2131147541	0.2295081967	0.3442622951	0.2131147541
0.3442622951	0.1803278689	0.2459016393	0.2295081967
0.2131147541	0.2950819672	0.2950819672	0.1967213115
0.1967213115	0.2295081967	0.2131147541	0.3606557377
>u12_atac_three	start=-20	(n=61)
A	C	G	T
0.2131147541	0.1803278689	0.1967213115	0.4098360656
0.1147540984	0.1803278689	0.1803278689	0.5245901639
0.0983606557	0.262295082	0.0819672131	0.5573770492
0.0327868852	0.4262295082	0.0491803279	0.4918032787
0.0655737705	0.5245901639	0.0655737705	0.3442622951
0.1147540984	0.2459016393	0.0327868852	0.606557377
0.2459016393	0.2131147541	0.0163934426	0.5245901639
0.2950819672	0.1147540984	0.131147541	0.4590163934
0.4262295082	0.1803278689	0.1147540984	0.2786885246
0.393442623	0.3442622951	0.0655737705	0.1967213115
0.2950819672	0.3442622951	0.0491803279	0.3114754098
0.2131147541	0.2131147541	0.2786885246	0.2950819672
0.2459016393	0.2786885246	0.1475409836	0.3278688525
0.1475409836	0.2786885246	0.2295081967	0.3442622951
0.2131147541	0.2786885246	0.2295081967	0.2786885246
0.131147541	0.262295082	0.131147541	0.4754098361
0.2295081967	0.1803278689	0.262295082	0.3278688525
0.0655737705	0.606557377	0.0163934426	0.3114754098
1.0	0.0	0.0	0.0
0.0	1.0	0.0	0.0
0.393442623	0.2295081967	0.2131147541	0.1639344262
0.0819672131	0.1803278689	0.2131147541	0.5245901639
0.393442623	0.1639344262	0.1967213115	0.2459016393
0.1967213115	0.262295082	0.1639344262	0.3770491803
0.2459016393	0.2786885246	0.2950819672	0.1803278689
0.2459016393	0.2295081967	0.2295081967	0.2950819672
0.3606557377	0.2459016393	0.1803278689	0.2131147541
0.3114754098	0.2131147541	0.2459016393	0.2295081967
0.3278688525	0.1967213115	0.1967213115	0.2786885246
0.2459016393	0.1639344262	0.2131147541	0.3770491803
0.1967213115	0.1803278689	0.3606557377	0.262295082
0.3278688525	0.1639344262	0.1639344262	0.3442622951
0.2295081967	0.2950819672	0.2295081967	0.2459016393
0.2786885246	0.2459016393	0.1967213115	0.2786885246
0.2786885246	0.2459016393	0.2131147541	0.262295082
0.1803278689	0.3770491803	0.1639344262	0.2786885246
0.2295081967	0.1967213115	0.2459016393	0.3278688525
0.2459016393	0.2459016393	0.1967213115	0.3114754098
0.2950819672	0.2131147541	0.1639344262	0.3278688525
0.2950819672	0.2131147541	0.2295081967	0.262295082
>u12_gtag_five	start=-20	(n=198)
A	C	G	T
0.2171717172	0.2878787879	0.2575757576	0.2373737374
0.2272727273	0.2575757576	0.2424242424	0.2727272727
0.2727272727	0.202020202	0.2828282828	0.2424242424
0.196969697	0.1868686869	0.3181818182	0.297979798
0.2474747475	0.1818181818	0.2878787879	0.2828282828
0.202020202	0.2727272727	0.2626262626	0.2626262626
0.2323232323	0.2626262626	0.2777777778	0.2272727273
0.3232323232	0.2626262626	0.1919191919	0.2222222222
0.2878787879	0.2070707071	0.1868686869	0.3181818182
0.2626262626	0.2929292929	0.2121212121	0.2323232323
0.2525252525	0.2777777778	0.2373737374	0.2323232323
0.303030303	0.196969697	0.2575757576	0.2424242424
0.2676767677	0.2525252525	0.202020202	0.2777777778
0.2575757576	0.2676767677	0.2727272727	0.202020202
0.3383838384	0.202020202	0.2070707071	0.2525252525
0.2878787879	0.1717171717	0.2626262626	0.2777777778
0.303030303	0.1919191919	0.2777777778	0.2272727273
0.297979798	0.196969697	0.2828282828	0.2222222222
0.2171717172	0.3787878788	0.1616161616	0.2424242424
0.2171717172	0.2171717172	0.0404040404	0.5252525253
0.0	0.0	1.0	0.0
0.0	0.0	0.0	1.0
1.0	0.0	0.0	0.0
0.0	0.0050505051	0.0	0.9949494949
0.0	1.0	0.0	0.0
0.0	0.9494949495	0.0	0.0505050505
0.0151515152	0.0101010101	0.0050505051	0.9696969697
0.0202020202	0.0252525253	0.0404040404	0.9141414141
0.0555555556	0.2121212121	0.1313131313	0.601010101
0.1717171717	0.2676767677	0.1868686869	0.3737373737
0.2272727273	0.2828282828	0.1666666667	0.3232323232
0.2070707071	0.196969697	0.2676767677	0.3282828283
0.2373737374	0.1565656566	0.297979798	0.3080808081
0.2171717172	0.202020202	0.2777777778	0.303030303
0.2575757576	0.2171717172	0.2878787879	0.2373737374
0.2525252525	0.2323232323	0.2121212121	0.303030303
0.3080808081	0.1464646465	0.2424242424	0.303030303
0.2575757576	0.2272727273	0.2373737374	0.2777777778
0.2222222222	0.2171717172	0.2676767677	0.2929292929
0.2626262626	0.2121212121	0.2474747475	0.2777777778
>u12_gtag_three	start=-20	(n=198)
A	C	G	T
0.1313131313	0.3535353535	0.1313131313	0.3838383838
0.0909090909	0.4191919192	0.0555555556	0.4343434343
0.0757575758	0.3888888889	0.0303030303	0.5050505051
0.1515151515	0.3333333333	0.0454545455	0.4696969697
0.2323232323	0.2727272727	0.0606060606	0.4343434343
0.3131313131	0.1818181818	0.0656565657	0.4393939394
0.2878787879	0.2575757576	0.1313131313	0.3232323232
0.398989899	0.2373737374	0.0909090909	0.2727272727
0.2878787879	0.2777777778	0.1363636364	0.297979798
0.2373737374	0.3080808081	0.1515151515	0.303030303
0.2626262626	0.2424242424	0.1464646465	0.3484848485
0.202020202	0.1919191919	0.1919191919	0.4141414141
0.2121212121	0.2676767677	0.2222222222	0.297979798
0.2121212121	0.2878787879	0.1565656566	0.3434343434
0.1818181818	0.3333333333	0.2171717172	0.2676767677
0.202020202	0.3131313131	0.1161616162	0.3686868687
0.1818181818	0.3232323232	0.1515151515	0.3434343434
0.1212121212	0.6414141414	0.0101010101	0.2272727273
1.0	0.0	0.0	0.0
0.0	0.0	1.0	0.0
0.5050505051	0.1868686869	0.1212121212	0.1868686869
0.1111111111	0.2474747475	0.1363636364	0.5050505051
0.4393939394	0.1565656566	0.1717171717	0.2323232323
0.1212121212	0.1818181818	0.2171717172	0.4797979798
0.202020202	0.2424242424	0.2828282828	0.2727272727
0.2424242424	0.2272727273	0.2575757576	0.2727272727
0.2828282828	0.202020202	0.2373737374	0.2777777778
0.2222222222	0.297979798	0.2171717172	0.2626262626
0.3484848485	0.202020202	0.1868686869	0.2626262626
0.2575757576	0.2272727273	0.1919191919	0.3232323232
0.1919191919	0.2373737374	0.3181818182	0.2525252525
0.2373737374	0.2626262626	0.2323232323	0.2676767677
0.2474747475	0.202020202	0.2323232323	0.3181818182
0.1767676768	0.2373737374	0.2777777778	0.3080808081
0.2222222222	0.196969697	0.2828282828	0.297979798
0.2777777778	0.2121212121	0.2424242424	0.2676767677
0.2929292929	0.1868686869	0.2323232323	0.2878787879
0.2171717172	0.2424242424	0.2828282828	0.2575757576
0.3080808081	0.2525252525	0.1515151515	0.2878787879
0.2828282828	0.1818181818	0.3131313131	0.2222222222
# External sources: 10.1038/ncomms7042, 10.1093/nar/gku391, 10.1101/gad.312058.118, 10.1261/rna.071423.119, U12DB
# Internal sources: multi-way comparisons
# U12-type introns were sourced from multiple empirical studies, and those with >=2 independent sources
# (requiring >=1 empirical study) were kept.
# The BPS sequences were sourced from Pineda 2018 and processed as follows,
# requiring the basic [CT]{2}[TG]T[GA]A motif, with an A at position +9 or +10
# grep -v '>' homo_sapiens.hg19.2+.pub_req.bp_matches.atac.aligned.fa | grep -P '^.{15}(A.|.A)' | cut -c 8- | grep '^.{4}[CT]{2}[TG]T[GA][ACTG]{3}' -oP | grep -P '^.{8}A' | make_matrix.py - --name u12-atac-bp-vA9 > homo_sapiens.hg19.2+.pub_req.bp_matches.atac.bp.vA9.matrix
# grep -v '>' homo_sapiens.hg19.2+.pub_req.bp_matches.atac.aligned.fa | grep -P '^.{15}(A.|.A)' | cut -c 8- | grep '^.{4}[CT]{2}[TG]T[GA][ACTG]{3}' -oP | grep -P '^.{9}A' | make_matrix.py - --name u12-atac-bp-vA10 > homo_sapiens.hg19.2+.pub_req.bp_matches.atac.bp.vA10.matrix
# grep -v '>' homo_sapiens.hg19.2+.pub_req.bp_matches.gtag.aligned.fa | grep -P '^.{15}(A.|.A)' | cut -c 8- | grep '^.{4}[CT]{2}[TG]T[GA][ACTG]{3}' -oP | grep -P '^.{9}A' | make_matrix.py - --name u12-gtag-bp-vA10 > homo_sapiens.hg19.2+.pub_req.bp_matches.gtag.bp.vA10.matrix
# grep -v '>' homo_sapiens.hg19.2+.pub_req.bp_matches.gtag.aligned.fa | grep -P '^.{15}(A.|.A)' | cut -c 8- | grep '^.{4}[CT]{2}[TG]T[GA][ACTG]{3}' -oP | grep -P '^.{8}A' | make_matrix.py - --name u12-gtag-bp-vA9 > homo_sapiens.hg19.2+.pub_req.bp_matches.gtag.bp.vA9.matrix
>u12-atac-bp-vA10	(n=30)
A	C	G	T
0.2	0.1	0.2333333333	0.4666666667
0.1666666667	0.1333333333	0.2666666667	0.4333333333
0.1	0.1333333333	0.2333333333	0.5333333333
0.1	0.1666666667	0.0666666667	0.6666666667
0.0	0.9666666667	0.0	0.0333333333
0.0	0.8666666667	0.0	0.1333333333
0.0	0.0	0.0333333333	0.9666666667
0.0	0.0	0.0	1.0
0.6666666667	0.0	0.3333333333	0.0
1.0	0.0	0.0	0.0
0.0	0.9	0.0	0.1
0.3333333333	0.1333333333	0.0	0.5333333333
>u12-atac-bp-vA9	(n=23)
A	C	G	T
0.2173913043	0.0434782609	0.1739130435	0.5652173913
0.1304347826	0.1304347826	0.1304347826	0.6086956522
0.1304347826	0.1304347826	0.2173913043	0.5217391304
0.0434782609	0.1304347826	0.0869565217	0.7391304348
0.0	0.9565217391	0.0	0.0434782609
0.0	0.7826086957	0.0	0.2173913043
0.0	0.0	0.0434782609	0.9565217391
0.0	0.0	0.0	1.0
1.0	0.0	0.0	0.0
0.8695652174	0.0	0.1304347826	0.0
0.0	0.9130434783	0.0	0.0869565217
0.347826087	0.0869565217	0.0434782609	0.5217391304
>u12-gtag-bp-vA10	(n=83)
A	C	G	T
0.1807228916	0.1686746988	0.1807228916	0.4698795181
0.2168674699	0.1445783133	0.1084337349	0.5301204819
0.1686746988	0.1325301205	0.1445783133	0.5542168675
0.0481927711	0.1325301205	0.0963855422	0.7228915663
0.0	0.8795180723	0.0	0.1204819277
0.0	0.9397590361	0.0	0.0602409639
0.0	0.0	0.0	1.0
0.0	0.0	0.0	1.0
0.7108433735	0.0	0.2891566265	0.0
1.0	0.0	0.0	0.0
0.0120481928	0.734939759	0.0	0.2530120482
0.1807228916	0.2289156627	0.1325301205	0.4578313253
>u12-gtag-bp-vA9	(n=71)
A	C	G	T
0.1830985915	0.0985915493	0.2112676056	0.5070422535
0.2253521127	0.0704225352	0.1267605634	0.5774647887
0.1408450704	0.1267605634	0.1549295775	0.5774647887
0.0422535211	0.1267605634	0.0845070423	0.7464788732
0.0	0.8591549296	0.0	0.1408450704
0.0	0.9577464789	0.0	0.0422535211
0.0	0.0	0.0	1.0
0.0	0.0	0.0	1.0
1.0	0.0	0.0	0.0
0.8309859155	0.014084507	0.0985915493	0.0563380282
0.014084507	0.7464788732	0.0	0.2394366197
0.2112676056	0.1830985915	0.1126760563	0.4929577465
# Source: 4-way conserved introns between human, mouse, 
# zebrafish and horseshoe crab, >=60% local alignment quality.
# All aligned introns were scored with SpliceRack matrices. 
# A 5' U2 threshold score was determined by scoring all 
# U2-associated S. pombe introns from Burke 2018, and 
# using those as a metric for "real" U2 introns. The max
# 5' score of the S. pombe introns was used to 
# establish an outer edge (+3 SD) to the distribution of 5' scores
# within real U2s (8.16), and all introns in the 4-way 
# alignments were required to have 5' scores < that score 
# to be included in the U2 set.
>u2_gcag_five	start=-20	(n=94)
A	C	G	T
0.2234042553	0.329787234	0.2234042553	0.2234042553
0.2340425532	0.2765957447	0.2234042553	0.2659574468
0.2234042553	0.2234042553	0.3829787234	0.170212766
0.3723404255	0.2765957447	0.1170212766	0.2340425532
0.2340425532	0.1914893617	0.2978723404	0.2765957447
0.2021276596	0.1808510638	0.2659574468	0.3510638298
0.3936170213	0.2340425532	0.2021276596	0.170212766
0.2021276596	0.2765957447	0.329787234	0.1914893617
0.1808510638	0.3404255319	0.2234042553	0.2553191489
0.2234042553	0.1489361702	0.2340425532	0.3936170213
0.2659574468	0.2340425532	0.329787234	0.170212766
0.1914893617	0.170212766	0.4255319149	0.2127659574
0.2446808511	0.2021276596	0.2765957447	0.2765957447
0.4255319149	0.1914893617	0.1276595745	0.2553191489
0.2872340426	0.1808510638	0.1808510638	0.3510638298
0.1914893617	0.2021276596	0.1595744681	0.4468085106
0.3510638298	0.2446808511	0.2127659574	0.1914893617
0.3085106383	0.3829787234	0.1808510638	0.1276595745
0.8085106383	0.0106382979	0.085106383	0.0957446809
0.0531914894	0.0	0.9468085106	0.0
0.0	0.0	1.0	0.0
0.0	1.0	0.0	0.0
0.7765957447	0.0212765957	0.0957446809	0.1063829787
0.5957446809	0.0638297872	0.1595744681	0.1808510638
0.0319148936	0.0212765957	0.9255319149	0.0212765957
0.1276595745	0.1276595745	0.1382978723	0.6063829787
0.2234042553	0.170212766	0.3936170213	0.2127659574
0.170212766	0.2872340426	0.2553191489	0.2872340426
0.1808510638	0.4042553191	0.1595744681	0.2553191489
0.3936170213	0.170212766	0.1808510638	0.2553191489
0.170212766	0.3191489362	0.2127659574	0.2978723404
0.1489361702	0.2765957447	0.170212766	0.4042553191
0.3085106383	0.1914893617	0.2127659574	0.2872340426
0.1382978723	0.3617021277	0.2021276596	0.2978723404
0.2127659574	0.2234042553	0.2553191489	0.3085106383
0.170212766	0.2978723404	0.2446808511	0.2872340426
0.2340425532	0.2659574468	0.2340425532	0.2659574468
0.2021276596	0.3191489362	0.2127659574	0.2659574468
0.2234042553	0.2127659574	0.3191489362	0.2446808511
0.1382978723	0.1595744681	0.3404255319	0.3617021277
>u2_gcag_three	start=-20	(n=94)
A	C	G	T
0.1595744681	0.2127659574	0.1063829787	0.5212765957
0.1808510638	0.2659574468	0.1489361702	0.4042553191
0.1914893617	0.2446808511	0.1170212766	0.4468085106
0.2234042553	0.1808510638	0.1382978723	0.4574468085
0.1808510638	0.2446808511	0.085106383	0.4893617021
0.1063829787	0.329787234	0.1063829787	0.4574468085
0.1382978723	0.2127659574	0.1170212766	0.5319148936
0.085106383	0.2659574468	0.1489361702	0.5
0.1489361702	0.3085106383	0.0744680851	0.4680851064
0.085106383	0.2340425532	0.1276595745	0.5531914894
0.085106383	0.2659574468	0.1489361702	0.5
0.1063829787	0.329787234	0.1595744681	0.4042553191
0.1595744681	0.2978723404	0.1595744681	0.3829787234
0.1170212766	0.2872340426	0.0957446809	0.5
0.1595744681	0.2765957447	0.1063829787	0.4574468085
0.1276595745	0.329787234	0.1063829787	0.4361702128
0.2234042553	0.2765957447	0.1808510638	0.3191489362
0.0425531915	0.5957446809	0.0425531915	0.3191489362
1.0	0.0	0.0	0.0
0.0	0.0	1.0	0.0
0.1914893617	0.0744680851	0.6382978723	0.0957446809
0.2446808511	0.1914893617	0.1595744681	0.4042553191
0.2234042553	0.3085106383	0.2021276596	0.2659574468
0.2127659574	0.2446808511	0.2446808511	0.2978723404
0.2340425532	0.1914893617	0.3404255319	0.2340425532
0.2659574468	0.1382978723	0.2340425532	0.3617021277
0.2659574468	0.2021276596	0.329787234	0.2021276596
0.329787234	0.2340425532	0.1914893617	0.2446808511
0.2765957447	0.2659574468	0.2234042553	0.2340425532
0.2978723404	0.1914893617	0.2765957447	0.2340425532
0.3617021277	0.2021276596	0.1808510638	0.2553191489
0.1914893617	0.1914893617	0.2765957447	0.3404255319
0.2446808511	0.1914893617	0.329787234	0.2340425532
0.3191489362	0.1914893617	0.2234042553	0.2659574468
0.2234042553	0.2872340426	0.3085106383	0.1808510638
0.2340425532	0.2446808511	0.2978723404	0.2234042553
0.3191489362	0.2234042553	0.2234042553	0.2340425532
0.2127659574	0.2872340426	0.2340425532	0.2659574468
0.2659574468	0.2659574468	0.2978723404	0.170212766
0.2978723404	0.2127659574	0.2340425532	0.2553191489
>u2_gtag_five	start=-20	(n=10445)
A	C	G	T
0.2765916707	0.2283389181	0.2214456678	0.2736237434
0.2437529919	0.2539971278	0.2540928674	0.2481570129
0.2677836285	0.2369554811	0.2619435136	0.2333173767
0.2719004308	0.2328386788	0.2220201053	0.2732407851
0.2453805649	0.2440402106	0.2506462422	0.2599329823
0.2658688368	0.233030158	0.2577309718	0.2433700335
0.2861656295	0.2221158449	0.2263283868	0.2653901388
0.2490186692	0.249305888	0.247199617	0.2544758258
0.2632838679	0.2393489708	0.2651029201	0.2322642413
0.2880804213	0.2331258976	0.2203925323	0.2584011489
0.2650071805	0.2498803255	0.2373384394	0.2477740546
0.2811871709	0.2270943035	0.2612733365	0.2304451891
0.2862613691	0.226519866	0.2111057922	0.2761129727
0.2646242221	0.2512206798	0.2202967927	0.2638583054
0.2813786501	0.2272857827	0.245572044	0.2457635232
0.3052178076	0.2149353758	0.2027764481	0.2770703686
0.3088559119	0.2440402106	0.2173288655	0.229775012
0.359310675	0.3248444232	0.1851603638	0.1306845381
0.6388702729	0.1005265677	0.1060794639	0.1545236955
0.101388224	0.0287218765	0.7980852082	0.0718046912
0.0	0.0	1.0	0.0
0.0	0.0	0.0	1.0
0.6221158449	0.0282431786	0.3161321206	0.0335088559
0.6963140258	0.0676878889	0.1070368597	0.1289612255
0.0934418382	0.0470081379	0.7750119674	0.0845380565
0.1764480613	0.144662518	0.1780756343	0.5008137865
0.3186213499	0.1743417903	0.2750598372	0.2319770225
0.2428913356	0.227668741	0.222786022	0.3066539014
0.234179033	0.2426998564	0.2185734801	0.3045476304
0.2378171374	0.2176160843	0.2386787937	0.3058879847
0.2327429392	0.2247965534	0.237434179	0.3050263284
0.2273815223	0.2193393968	0.2371469603	0.3161321206
0.2154140737	0.2274772618	0.2398276687	0.3172809957
0.2263283868	0.2140737195	0.2349449497	0.324652944
0.2218286261	0.2258496888	0.2389660124	0.3133556726
0.2202967927	0.2228817616	0.2360938248	0.3207276209
0.2247965534	0.2224030637	0.2443274294	0.3084729536
0.2218286261	0.2083293442	0.250454763	0.3193872666
0.2228817616	0.2193393968	0.2494973672	0.3082814744
0.2307324079	0.2135950215	0.2428913356	0.312781235
>u2_gtag_three	start=-20	(n=10445)
A	C	G	T
0.206510292	0.2268070847	0.1473432264	0.4193393968
0.1933939684	0.228147439	0.1445667784	0.4338918143
0.175107707	0.2398276687	0.1426519866	0.4424126376
0.1635232169	0.2471038775	0.1365246529	0.4528482528
0.1414073719	0.2526567736	0.1324078506	0.4735280038
0.1313547152	0.2542843466	0.1301101005	0.4842508377
0.119291527	0.24882719	0.1189085687	0.5129727142
0.1130684538	0.2457635232	0.1169937769	0.5241742461
0.1001436094	0.2539013882	0.1069411202	0.5390138822
0.0870272858	0.2432742939	0.0987075156	0.5709909047
0.0860698899	0.2575394926	0.1042604117	0.5521302058
0.1082814744	0.2677836285	0.1140258497	0.5099090474
0.1112494016	0.2964097654	0.0972714217	0.4950694112
0.116036381	0.3097175682	0.0874102441	0.4868358066
0.093729057	0.301866922	0.0647199617	0.5396840594
0.0918142652	0.2630923887	0.0680708473	0.5770224988
0.2402106271	0.2508377214	0.1960746769	0.3128769746
0.0630923887	0.5969363332	0.0051699378	0.3348013404
1.0	0.0	0.0	0.0
0.0	0.0	1.0	0.0
0.2320727621	0.1328865486	0.508377214	0.1266634753
0.217903303	0.1910962183	0.1917663954	0.3992340833
0.2634753471	0.2125418861	0.229775012	0.2942077549
0.2384873145	0.2324557204	0.2331258976	0.2959310675
0.2547630445	0.224892293	0.2164672092	0.3038774533
0.2589755864	0.2210627094	0.2494016276	0.2705600766
0.2715174725	0.2107228339	0.2793681187	0.2383915749
0.2892292963	0.209765438	0.2197223552	0.2812829105
0.2620392532	0.2198180948	0.2538056486	0.2643370034
0.2665390139	0.2279559598	0.2669219722	0.2385830541
0.2795595979	0.2098611776	0.226041168	0.2845380565
0.2535184299	0.2193393968	0.2702728578	0.2568693155
0.2670177118	0.2164672092	0.2743896601	0.2421254189
0.2776448061	0.2231689804	0.2214456678	0.2777405457
0.2564863571	0.2282431786	0.247678315	0.2675921494
0.2584968885	0.2269985639	0.27209191	0.2424126376
0.2776448061	0.2145524174	0.231402585	0.2764001915
0.2545715653	0.2335088559	0.2554332216	0.2564863571
0.2766874102	0.219530876	0.2754427956	0.2283389181
0.296984203	0.2186692197	0.2293920536	0.2549545237
