# External sources: 10.1038/ncomms7042, 10.1093/nar/gku391, 10.1101/gad.312058.118, 10.1261/rna.071423.119, U12DB
# Internal sources: multi-way comparisons
# U12-type introns were sourced from multiple empirical studies, and those with 2 or more independent sources
# were kept
>u12_atac_five	start=-20	(n=114)
A	C	G	T
0.2631578947	0.2105263158	0.350877193	0.1754385965
0.2631578947	0.2105263158	0.2719298246	0.2543859649
0.2719298246	0.2368421053	0.2894736842	0.201754386
0.3421052632	0.2543859649	0.3070175439	0.0964912281
0.2631578947	0.2456140351	0.2280701754	0.2631578947
0.2456140351	0.2631578947	0.2719298246	0.2192982456
0.2719298246	0.2456140351	0.2280701754	0.2543859649
0.3596491228	0.2368421053	0.2192982456	0.1842105263
0.3771929825	0.1842105263	0.2105263158	0.2280701754
0.2894736842	0.2719298246	0.2192982456	0.2192982456
0.2368421053	0.2368421053	0.2456140351	0.2807017544
0.3070175439	0.1052631579	0.2807017544	0.3070175439
0.2280701754	0.3421052632	0.1842105263	0.2456140351
0.3157894737	0.2719298246	0.1842105263	0.2280701754
0.3245614035	0.1754385965	0.2280701754	0.2719298246
0.2280701754	0.2368421053	0.3421052632	0.1929824561
0.3771929825	0.201754386	0.2192982456	0.201754386
0.3421052632	0.2719298246	0.1754385965	0.2105263158
0.350877193	0.2368421053	0.1403508772	0.2719298246
0.3421052632	0.1666666667	0.3421052632	0.149122807
1.0	0.0	0.0	0.0
0.0	0.0	0.0	1.0
1.0	0.0	0.0	0.0
0.0	0.0	0.0	1.0
0.0	1.0	0.0	0.0
0.0087719298	0.9824561404	0.0	0.0087719298
0.0087719298	0.0	0.0087719298	0.9824561404
0.0087719298	0.0526315789	0.0526315789	0.8859649123
0.0526315789	0.1666666667	0.0438596491	0.7368421053
0.1578947368	0.2631578947	0.2543859649	0.3245614035
0.2280701754	0.298245614	0.1842105263	0.2894736842
0.2105263158	0.2280701754	0.2631578947	0.298245614
0.2192982456	0.1228070175	0.298245614	0.3596491228
0.2105263158	0.2192982456	0.2719298246	0.298245614
0.2368421053	0.2192982456	0.298245614	0.2456140351
0.2543859649	0.1842105263	0.2543859649	0.3070175439
0.1754385965	0.2192982456	0.3245614035	0.2807017544
0.3070175439	0.1666666667	0.2719298246	0.2543859649
0.2280701754	0.2456140351	0.298245614	0.2280701754
0.2192982456	0.201754386	0.2456140351	0.3333333333
>u12_atac_three	start=-20	(n=114)
A	C	G	T
0.2280701754	0.1842105263	0.1842105263	0.4035087719
0.1052631579	0.2543859649	0.149122807	0.4912280702
0.0964912281	0.2543859649	0.1140350877	0.5350877193
0.0614035088	0.3947368421	0.0526315789	0.4912280702
0.0789473684	0.4561403509	0.0526315789	0.4122807018
0.1315789474	0.3421052632	0.0263157895	0.5
0.2192982456	0.2807017544	0.0263157895	0.4736842105
0.2631578947	0.1578947368	0.0964912281	0.4824561404
0.3771929825	0.1754385965	0.1052631579	0.3421052632
0.3859649123	0.2894736842	0.0877192982	0.2368421053
0.298245614	0.3333333333	0.0877192982	0.2807017544
0.1929824561	0.2894736842	0.2105263158	0.3070175439
0.2456140351	0.2719298246	0.1403508772	0.3421052632
0.1929824561	0.2368421053	0.2543859649	0.3157894737
0.1842105263	0.3245614035	0.1929824561	0.298245614
0.149122807	0.298245614	0.1403508772	0.4122807018
0.201754386	0.1754385965	0.2368421053	0.3859649123
0.0877192982	0.5614035088	0.0087719298	0.3421052632
1.0	0.0	0.0	0.0
0.0	1.0	0.0	0.0
0.4298245614	0.2280701754	0.1842105263	0.1578947368
0.0701754386	0.1842105263	0.1842105263	0.5614035088
0.350877193	0.1754385965	0.201754386	0.2719298246
0.2105263158	0.201754386	0.1403508772	0.4473684211
0.2631578947	0.2719298246	0.2192982456	0.2456140351
0.2543859649	0.2368421053	0.1929824561	0.3157894737
0.350877193	0.2368421053	0.2280701754	0.1842105263
0.2807017544	0.1929824561	0.2192982456	0.3070175439
0.3245614035	0.2105263158	0.2105263158	0.2543859649
0.2631578947	0.149122807	0.2105263158	0.3771929825
0.2543859649	0.1403508772	0.3333333333	0.2719298246
0.2543859649	0.1842105263	0.2280701754	0.3333333333
0.2543859649	0.298245614	0.2280701754	0.2192982456
0.2719298246	0.2807017544	0.2105263158	0.2368421053
0.298245614	0.2368421053	0.2192982456	0.2456140351
0.2456140351	0.298245614	0.1842105263	0.2719298246
0.2368421053	0.2543859649	0.2368421053	0.2719298246
0.3070175439	0.2192982456	0.201754386	0.2719298246
0.2543859649	0.2543859649	0.2192982456	0.2719298246
0.2807017544	0.201754386	0.298245614	0.2192982456
>u12_gtag_five	start=-20	(n=323)
A	C	G	T
0.2507739938	0.2817337461	0.2476780186	0.2198142415
0.2631578947	0.2507739938	0.2321981424	0.253869969
0.2631578947	0.1950464396	0.2786377709	0.2631578947
0.1981424149	0.2321981424	0.3003095975	0.2693498452
0.2724458204	0.2105263158	0.2631578947	0.253869969
0.226006192	0.2600619195	0.2507739938	0.2631578947
0.2414860681	0.2724458204	0.2631578947	0.2229102167
0.3095975232	0.226006192	0.213622291	0.2507739938
0.2724458204	0.2291021672	0.2321981424	0.26625387
0.2445820433	0.2693498452	0.2352941176	0.2507739938
0.2724458204	0.253869969	0.2445820433	0.2291021672
0.2724458204	0.2198142415	0.2631578947	0.2445820433
0.2445820433	0.2848297214	0.2012383901	0.2693498452
0.26625387	0.2755417957	0.2383900929	0.2198142415
0.306501548	0.2167182663	0.1671826625	0.3095975232
0.2631578947	0.2012383901	0.26625387	0.2693498452
0.3003095975	0.2043343653	0.2352941176	0.2600619195
0.2910216718	0.213622291	0.2755417957	0.2198142415
0.2012383901	0.3777089783	0.1640866873	0.2569659443
0.2569659443	0.1919504644	0.0340557276	0.5170278638
0.0	0.0	1.0	0.0
0.0	0.0	0.0	1.0
1.0	0.0	0.0	0.0
0.0	0.0030959752	0.0	0.9969040248
0.0	1.0	0.0	0.0
0.0	0.9504643963	0.0	0.0495356037
0.0216718266	0.0154798762	0.0030959752	0.959752322
0.0309597523	0.0588235294	0.0340557276	0.8761609907
0.0588235294	0.226006192	0.1083591331	0.6068111455
0.1640866873	0.2941176471	0.1919504644	0.3498452012
0.2414860681	0.26625387	0.1981424149	0.2941176471
0.226006192	0.2198142415	0.2600619195	0.2941176471
0.2476780186	0.173374613	0.306501548	0.2724458204
0.2229102167	0.2105263158	0.2724458204	0.2941176471
0.26625387	0.2043343653	0.2817337461	0.2476780186
0.2383900929	0.2229102167	0.2229102167	0.3157894737
0.2817337461	0.1671826625	0.2724458204	0.2786377709
0.2445820433	0.2074303406	0.26625387	0.2817337461
0.2105263158	0.226006192	0.2941176471	0.2693498452
0.2693498452	0.1950464396	0.2352941176	0.3003095975
>u12_gtag_three	start=-20	(n=323)
A	C	G	T
0.1114551084	0.3591331269	0.1021671827	0.427244582
0.0835913313	0.399380805	0.0526315789	0.4643962848
0.0897832817	0.386996904	0.0278637771	0.4953560372
0.1517027864	0.3405572755	0.0495356037	0.4582043344
0.253869969	0.2352941176	0.0464396285	0.4643962848
0.3219814241	0.1857585139	0.0773993808	0.4148606811
0.3405572755	0.2352941176	0.1207430341	0.3034055728
0.3746130031	0.26625387	0.0990712074	0.2600619195
0.2941176471	0.2879256966	0.1145510836	0.3034055728
0.2600619195	0.2817337461	0.1517027864	0.306501548
0.2693498452	0.26625387	0.1424148607	0.3219814241
0.213622291	0.2105263158	0.1950464396	0.3808049536
0.1981424149	0.2724458204	0.2012383901	0.3281733746
0.2476780186	0.2693498452	0.1486068111	0.3343653251
0.1919504644	0.3219814241	0.1702786378	0.3157894737
0.1702786378	0.3591331269	0.0897832817	0.3808049536
0.1795665635	0.306501548	0.1517027864	0.3622291022
0.1114551084	0.6904024768	0.0092879257	0.1888544892
1.0	0.0	0.0	0.0
0.0	0.0	1.0	0.0
0.5077399381	0.1919504644	0.1238390093	0.1764705882
0.1269349845	0.213622291	0.133126935	0.5263157895
0.4520123839	0.1578947368	0.1547987616	0.2352941176
0.133126935	0.173374613	0.2043343653	0.4891640867
0.2105263158	0.226006192	0.2817337461	0.2817337461
0.2352941176	0.2074303406	0.2786377709	0.2786377709
0.2879256966	0.1981424149	0.2229102167	0.2910216718
0.2321981424	0.2817337461	0.2198142415	0.26625387
0.3095975232	0.2414860681	0.1888544892	0.2600619195
0.2569659443	0.2291021672	0.2043343653	0.3095975232
0.2167182663	0.2229102167	0.3095975232	0.2507739938
0.2600619195	0.2631578947	0.2229102167	0.253869969
0.26625387	0.1950464396	0.213622291	0.3250773994
0.1888544892	0.253869969	0.2631578947	0.2941176471
0.2414860681	0.1888544892	0.2879256966	0.2817337461
0.2848297214	0.2229102167	0.2291021672	0.2631578947
0.3126934985	0.1950464396	0.2383900929	0.253869969
0.2383900929	0.2291021672	0.2693498452	0.2631578947
0.3126934985	0.226006192	0.2105263158	0.2507739938
0.2848297214	0.2012383901	0.26625387	0.2476780186
# External sources: 10.1038/ncomms7042, 10.1093/nar/gku391, 10.1101/gad.312058.118, 10.1261/rna.071423.119, U12DB
# Internal sources: multi-way comparisons
# U12-type introns were sourced from multiple empirical studies, and those with >=2 independent sources
# (requiring >=1 empirical study) were kept.
# The BPS sequences were sourced from Pineda 2018 and processed as follows,
# requiring the basic [CT]{2}[TG]T[GA]A motif, with an A at position +9 or +10
# grep -v '>' homo_sapiens.hg19.2+.pub_req.bp_matches.atac.aligned.fa | grep -P '^.{15}(A.|.A)' | cut -c 8- | grep '^.{4}[CT]{2}[TG]T[GA][ACTG]{3}' -oP | grep -P '^.{8}A' | make_matrix.py - --name u12-atac-bp-vA9 > homo_sapiens.hg19.2+.pub_req.bp_matches.atac.bp.vA9.matrix
# grep -v '>' homo_sapiens.hg19.2+.pub_req.bp_matches.atac.aligned.fa | grep -P '^.{15}(A.|.A)' | cut -c 8- | grep '^.{4}[CT]{2}[TG]T[GA][ACTG]{3}' -oP | grep -P '^.{9}A' | make_matrix.py - --name u12-atac-bp-vA10 > homo_sapiens.hg19.2+.pub_req.bp_matches.atac.bp.vA10.matrix
# grep -v '>' homo_sapiens.hg19.2+.pub_req.bp_matches.gtag.aligned.fa | grep -P '^.{15}(A.|.A)' | cut -c 8- | grep '^.{4}[CT]{2}[TG]T[GA][ACTG]{3}' -oP | grep -P '^.{9}A' | make_matrix.py - --name u12-gtag-bp-vA10 > homo_sapiens.hg19.2+.pub_req.bp_matches.gtag.bp.vA10.matrix
# grep -v '>' homo_sapiens.hg19.2+.pub_req.bp_matches.gtag.aligned.fa | grep -P '^.{15}(A.|.A)' | cut -c 8- | grep '^.{4}[CT]{2}[TG]T[GA][ACTG]{3}' -oP | grep -P '^.{8}A' | make_matrix.py - --name u12-gtag-bp-vA9 > homo_sapiens.hg19.2+.pub_req.bp_matches.gtag.bp.vA9.matrix
>u12-atac-bp-vA10	(n=30)
A	C	G	T
0.2	0.1	0.2333333333	0.4666666667
0.1666666667	0.1333333333	0.2666666667	0.4333333333
0.1	0.1333333333	0.2333333333	0.5333333333
0.1	0.1666666667	0.0666666667	0.6666666667
0.0	0.9666666667	0.0	0.0333333333
0.0	0.8666666667	0.0	0.1333333333
0.0	0.0	0.0333333333	0.9666666667
0.0	0.0	0.0	1.0
0.6666666667	0.0	0.3333333333	0.0
1.0	0.0	0.0	0.0
0.0	0.9	0.0	0.1
0.3333333333	0.1333333333	0.0	0.5333333333
>u12-atac-bp-vA9	(n=23)
A	C	G	T
0.2173913043	0.0434782609	0.1739130435	0.5652173913
0.1304347826	0.1304347826	0.1304347826	0.6086956522
0.1304347826	0.1304347826	0.2173913043	0.5217391304
0.0434782609	0.1304347826	0.0869565217	0.7391304348
0.0	0.9565217391	0.0	0.0434782609
0.0	0.7826086957	0.0	0.2173913043
0.0	0.0	0.0434782609	0.9565217391
0.0	0.0	0.0	1.0
1.0	0.0	0.0	0.0
0.8695652174	0.0	0.1304347826	0.0
0.0	0.9130434783	0.0	0.0869565217
0.347826087	0.0869565217	0.0434782609	0.5217391304
>u12-gtag-bp-vA10	(n=83)
A	C	G	T
0.1807228916	0.1686746988	0.1807228916	0.4698795181
0.2168674699	0.1445783133	0.1084337349	0.5301204819
0.1686746988	0.1325301205	0.1445783133	0.5542168675
0.0481927711	0.1325301205	0.0963855422	0.7228915663
0.0	0.8795180723	0.0	0.1204819277
0.0	0.9397590361	0.0	0.0602409639
0.0	0.0	0.0	1.0
0.0	0.0	0.0	1.0
0.7108433735	0.0	0.2891566265	0.0
1.0	0.0	0.0	0.0
0.0120481928	0.734939759	0.0	0.2530120482
0.1807228916	0.2289156627	0.1325301205	0.4578313253
>u12-gtag-bp-vA9	(n=71)
A	C	G	T
0.1830985915	0.0985915493	0.2112676056	0.5070422535
0.2253521127	0.0704225352	0.1267605634	0.5774647887
0.1408450704	0.1267605634	0.1549295775	0.5774647887
0.0422535211	0.1267605634	0.0845070423	0.7464788732
0.0	0.8591549296	0.0	0.1408450704
0.0	0.9577464789	0.0	0.0422535211
0.0	0.0	0.0	1.0
0.0	0.0	0.0	1.0
1.0	0.0	0.0	0.0
0.8309859155	0.014084507	0.0985915493	0.0563380282
0.014084507	0.7464788732	0.0	0.2394366197
0.2112676056	0.1830985915	0.1126760563	0.4929577465
# Source: 4-way conserved introns between human, mouse, 
# zebrafish and horseshoe crab, >=60% local alignment quality.
# All aligned introns were scored with SpliceRack matrices. 
# A 5' U2 threshold score was determined by scoring all 
# U2-associated S. pombe introns from Burke 2018, and 
# using those as a metric for "real" U2 introns. The max
# 5' score of the S. pombe introns was used to 
# establish an outer edge (+3 SD) to the distribution of 5' scores
# within real U2s (8.16), and all introns in the 4-way 
# alignments were required to have 5' scores < that score 
# to be included in the U2 set.
>u2_gcag_five	start=-20	(n=94)
A	C	G	T
0.2234042553	0.329787234	0.2234042553	0.2234042553
0.2340425532	0.2765957447	0.2234042553	0.2659574468
0.2234042553	0.2234042553	0.3829787234	0.170212766
0.3723404255	0.2765957447	0.1170212766	0.2340425532
0.2340425532	0.1914893617	0.2978723404	0.2765957447
0.2021276596	0.1808510638	0.2659574468	0.3510638298
0.3936170213	0.2340425532	0.2021276596	0.170212766
0.2021276596	0.2765957447	0.329787234	0.1914893617
0.1808510638	0.3404255319	0.2234042553	0.2553191489
0.2234042553	0.1489361702	0.2340425532	0.3936170213
0.2659574468	0.2340425532	0.329787234	0.170212766
0.1914893617	0.170212766	0.4255319149	0.2127659574
0.2446808511	0.2021276596	0.2765957447	0.2765957447
0.4255319149	0.1914893617	0.1276595745	0.2553191489
0.2872340426	0.1808510638	0.1808510638	0.3510638298
0.1914893617	0.2021276596	0.1595744681	0.4468085106
0.3510638298	0.2446808511	0.2127659574	0.1914893617
0.3085106383	0.3829787234	0.1808510638	0.1276595745
0.8085106383	0.0106382979	0.085106383	0.0957446809
0.0531914894	0.0	0.9468085106	0.0
0.0	0.0	1.0	0.0
0.0	1.0	0.0	0.0
0.7765957447	0.0212765957	0.0957446809	0.1063829787
0.5957446809	0.0638297872	0.1595744681	0.1808510638
0.0319148936	0.0212765957	0.9255319149	0.0212765957
0.1276595745	0.1276595745	0.1382978723	0.6063829787
0.2234042553	0.170212766	0.3936170213	0.2127659574
0.170212766	0.2872340426	0.2553191489	0.2872340426
0.1808510638	0.4042553191	0.1595744681	0.2553191489
0.3936170213	0.170212766	0.1808510638	0.2553191489
0.170212766	0.3191489362	0.2127659574	0.2978723404
0.1489361702	0.2765957447	0.170212766	0.4042553191
0.3085106383	0.1914893617	0.2127659574	0.2872340426
0.1382978723	0.3617021277	0.2021276596	0.2978723404
0.2127659574	0.2234042553	0.2553191489	0.3085106383
0.170212766	0.2978723404	0.2446808511	0.2872340426
0.2340425532	0.2659574468	0.2340425532	0.2659574468
0.2021276596	0.3191489362	0.2127659574	0.2659574468
0.2234042553	0.2127659574	0.3191489362	0.2446808511
0.1382978723	0.1595744681	0.3404255319	0.3617021277
>u2_gcag_three	start=-20	(n=94)
A	C	G	T
0.1595744681	0.2127659574	0.1063829787	0.5212765957
0.1808510638	0.2659574468	0.1489361702	0.4042553191
0.1914893617	0.2446808511	0.1170212766	0.4468085106
0.2234042553	0.1808510638	0.1382978723	0.4574468085
0.1808510638	0.2446808511	0.085106383	0.4893617021
0.1063829787	0.329787234	0.1063829787	0.4574468085
0.1382978723	0.2127659574	0.1170212766	0.5319148936
0.085106383	0.2659574468	0.1489361702	0.5
0.1489361702	0.3085106383	0.0744680851	0.4680851064
0.085106383	0.2340425532	0.1276595745	0.5531914894
0.085106383	0.2659574468	0.1489361702	0.5
0.1063829787	0.329787234	0.1595744681	0.4042553191
0.1595744681	0.2978723404	0.1595744681	0.3829787234
0.1170212766	0.2872340426	0.0957446809	0.5
0.1595744681	0.2765957447	0.1063829787	0.4574468085
0.1276595745	0.329787234	0.1063829787	0.4361702128
0.2234042553	0.2765957447	0.1808510638	0.3191489362
0.0425531915	0.5957446809	0.0425531915	0.3191489362
1.0	0.0	0.0	0.0
0.0	0.0	1.0	0.0
0.1914893617	0.0744680851	0.6382978723	0.0957446809
0.2446808511	0.1914893617	0.1595744681	0.4042553191
0.2234042553	0.3085106383	0.2021276596	0.2659574468
0.2127659574	0.2446808511	0.2446808511	0.2978723404
0.2340425532	0.1914893617	0.3404255319	0.2340425532
0.2659574468	0.1382978723	0.2340425532	0.3617021277
0.2659574468	0.2021276596	0.329787234	0.2021276596
0.329787234	0.2340425532	0.1914893617	0.2446808511
0.2765957447	0.2659574468	0.2234042553	0.2340425532
0.2978723404	0.1914893617	0.2765957447	0.2340425532
0.3617021277	0.2021276596	0.1808510638	0.2553191489
0.1914893617	0.1914893617	0.2765957447	0.3404255319
0.2446808511	0.1914893617	0.329787234	0.2340425532
0.3191489362	0.1914893617	0.2234042553	0.2659574468
0.2234042553	0.2872340426	0.3085106383	0.1808510638
0.2340425532	0.2446808511	0.2978723404	0.2234042553
0.3191489362	0.2234042553	0.2234042553	0.2340425532
0.2127659574	0.2872340426	0.2340425532	0.2659574468
0.2659574468	0.2659574468	0.2978723404	0.170212766
0.2978723404	0.2127659574	0.2340425532	0.2553191489
>u2_gtag_five	start=-20	(n=10445)
A	C	G	T
0.2765916707	0.2283389181	0.2214456678	0.2736237434
0.2437529919	0.2539971278	0.2540928674	0.2481570129
0.2677836285	0.2369554811	0.2619435136	0.2333173767
0.2719004308	0.2328386788	0.2220201053	0.2732407851
0.2453805649	0.2440402106	0.2506462422	0.2599329823
0.2658688368	0.233030158	0.2577309718	0.2433700335
0.2861656295	0.2221158449	0.2263283868	0.2653901388
0.2490186692	0.249305888	0.247199617	0.2544758258
0.2632838679	0.2393489708	0.2651029201	0.2322642413
0.2880804213	0.2331258976	0.2203925323	0.2584011489
0.2650071805	0.2498803255	0.2373384394	0.2477740546
0.2811871709	0.2270943035	0.2612733365	0.2304451891
0.2862613691	0.226519866	0.2111057922	0.2761129727
0.2646242221	0.2512206798	0.2202967927	0.2638583054
0.2813786501	0.2272857827	0.245572044	0.2457635232
0.3052178076	0.2149353758	0.2027764481	0.2770703686
0.3088559119	0.2440402106	0.2173288655	0.229775012
0.359310675	0.3248444232	0.1851603638	0.1306845381
0.6388702729	0.1005265677	0.1060794639	0.1545236955
0.101388224	0.0287218765	0.7980852082	0.0718046912
0.0	0.0	1.0	0.0
0.0	0.0	0.0	1.0
0.6221158449	0.0282431786	0.3161321206	0.0335088559
0.6963140258	0.0676878889	0.1070368597	0.1289612255
0.0934418382	0.0470081379	0.7750119674	0.0845380565
0.1764480613	0.144662518	0.1780756343	0.5008137865
0.3186213499	0.1743417903	0.2750598372	0.2319770225
0.2428913356	0.227668741	0.222786022	0.3066539014
0.234179033	0.2426998564	0.2185734801	0.3045476304
0.2378171374	0.2176160843	0.2386787937	0.3058879847
0.2327429392	0.2247965534	0.237434179	0.3050263284
0.2273815223	0.2193393968	0.2371469603	0.3161321206
0.2154140737	0.2274772618	0.2398276687	0.3172809957
0.2263283868	0.2140737195	0.2349449497	0.324652944
0.2218286261	0.2258496888	0.2389660124	0.3133556726
0.2202967927	0.2228817616	0.2360938248	0.3207276209
0.2247965534	0.2224030637	0.2443274294	0.3084729536
0.2218286261	0.2083293442	0.250454763	0.3193872666
0.2228817616	0.2193393968	0.2494973672	0.3082814744
0.2307324079	0.2135950215	0.2428913356	0.312781235
>u2_gtag_three	start=-20	(n=10445)
A	C	G	T
0.206510292	0.2268070847	0.1473432264	0.4193393968
0.1933939684	0.228147439	0.1445667784	0.4338918143
0.175107707	0.2398276687	0.1426519866	0.4424126376
0.1635232169	0.2471038775	0.1365246529	0.4528482528
0.1414073719	0.2526567736	0.1324078506	0.4735280038
0.1313547152	0.2542843466	0.1301101005	0.4842508377
0.119291527	0.24882719	0.1189085687	0.5129727142
0.1130684538	0.2457635232	0.1169937769	0.5241742461
0.1001436094	0.2539013882	0.1069411202	0.5390138822
0.0870272858	0.2432742939	0.0987075156	0.5709909047
0.0860698899	0.2575394926	0.1042604117	0.5521302058
0.1082814744	0.2677836285	0.1140258497	0.5099090474
0.1112494016	0.2964097654	0.0972714217	0.4950694112
0.116036381	0.3097175682	0.0874102441	0.4868358066
0.093729057	0.301866922	0.0647199617	0.5396840594
0.0918142652	0.2630923887	0.0680708473	0.5770224988
0.2402106271	0.2508377214	0.1960746769	0.3128769746
0.0630923887	0.5969363332	0.0051699378	0.3348013404
1.0	0.0	0.0	0.0
0.0	0.0	1.0	0.0
0.2320727621	0.1328865486	0.508377214	0.1266634753
0.217903303	0.1910962183	0.1917663954	0.3992340833
0.2634753471	0.2125418861	0.229775012	0.2942077549
0.2384873145	0.2324557204	0.2331258976	0.2959310675
0.2547630445	0.224892293	0.2164672092	0.3038774533
0.2589755864	0.2210627094	0.2494016276	0.2705600766
0.2715174725	0.2107228339	0.2793681187	0.2383915749
0.2892292963	0.209765438	0.2197223552	0.2812829105
0.2620392532	0.2198180948	0.2538056486	0.2643370034
0.2665390139	0.2279559598	0.2669219722	0.2385830541
0.2795595979	0.2098611776	0.226041168	0.2845380565
0.2535184299	0.2193393968	0.2702728578	0.2568693155
0.2670177118	0.2164672092	0.2743896601	0.2421254189
0.2776448061	0.2231689804	0.2214456678	0.2777405457
0.2564863571	0.2282431786	0.247678315	0.2675921494
0.2584968885	0.2269985639	0.27209191	0.2424126376
0.2776448061	0.2145524174	0.231402585	0.2764001915
0.2545715653	0.2335088559	0.2554332216	0.2564863571
0.2766874102	0.219530876	0.2754427956	0.2283389181
0.296984203	0.2186692197	0.2293920536	0.2549545237
