>u12-atac-five start=-20	(n=259)
A	C	G	T
0.2277992278	0.277992278	0.2741312741	0.2200772201
0.2277992278	0.2586872587	0.2316602317	0.2818532819
0.2664092664	0.2162162162	0.277992278	0.2393822394
0.2355212355	0.2007722008	0.3127413127	0.250965251
0.2548262548	0.1930501931	0.277992278	0.2741312741
0.2007722008	0.2702702703	0.277992278	0.250965251
0.2316602317	0.2625482625	0.277992278	0.2277992278
0.3397683398	0.2548262548	0.1930501931	0.2123552124
0.3011583012	0.2046332046	0.1853281853	0.3088803089
0.2625482625	0.305019305	0.2046332046	0.2277992278
0.2548262548	0.2702702703	0.2200772201	0.2548262548
0.3166023166	0.1776061776	0.2586872587	0.2471042471
0.250965251	0.2818532819	0.1969111969	0.2702702703
0.2625482625	0.2934362934	0.2355212355	0.2084942085
0.3359073359	0.1891891892	0.2239382239	0.250965251
0.2664092664	0.1853281853	0.2857142857	0.2625482625
0.3204633205	0.2162162162	0.2586872587	0.2046332046
0.3127413127	0.2200772201	0.2586872587	0.2084942085
0.250965251	0.332046332	0.1583011583	0.2586872587
0.2239382239	0.2123552124	0.1158301158	0.4478764479
1.0	0.0	0.0	0.0
0.0	0.0	0.0	1.0
1.0	0.0	0.0	0.0
0.0	0.0038610039	0.0	0.9961389961
0.0	1.0	0.0	0.0
0.0038610039	0.9575289575	0.0	0.0386100386
0.0154440154	0.0077220077	0.0038610039	0.972972973
0.0154440154	0.0308880309	0.0424710425	0.9111969112
0.0579150579	0.1969111969	0.1042471042	0.6409266409
0.166023166	0.2586872587	0.2007722008	0.3745173745
0.2355212355	0.2895752896	0.1776061776	0.2972972973
0.2200772201	0.1853281853	0.2741312741	0.3204633205
0.2393822394	0.1505791506	0.2857142857	0.3243243243
0.2277992278	0.2046332046	0.2741312741	0.2934362934
0.2432432432	0.2162162162	0.3127413127	0.2277992278
0.2355212355	0.2200772201	0.2316602317	0.3127413127
0.2857142857	0.166023166	0.2664092664	0.2818532819
0.277992278	0.2162162162	0.2393822394	0.2664092664
0.2200772201	0.2355212355	0.2741312741	0.2702702703
0.2471042471	0.2162162162	0.2393822394	0.2972972973
>u12-atac-three start=-20	(n=259)
A	C	G	T
0.1505791506	0.3127413127	0.1467181467	0.38996139
0.0965250965	0.3629343629	0.0849420849	0.4555984556
0.0810810811	0.3590733591	0.0424710425	0.5173745174
0.1235521236	0.3552123552	0.0463320463	0.4749034749
0.1930501931	0.332046332	0.0617760618	0.4131274131
0.2664092664	0.1969111969	0.0579150579	0.4787644788
0.277992278	0.2471042471	0.1042471042	0.3706563707
0.3745173745	0.2084942085	0.1003861004	0.3166023166
0.3204633205	0.2548262548	0.1312741313	0.2934362934
0.2741312741	0.3166023166	0.1312741313	0.277992278
0.2702702703	0.2664092664	0.1235521236	0.3397683398
0.2046332046	0.1969111969	0.2123552124	0.3861003861
0.2200772201	0.2702702703	0.2046332046	0.305019305
0.1969111969	0.2857142857	0.1737451737	0.3436293436
0.1891891892	0.3204633205	0.2200772201	0.2702702703
0.1853281853	0.3011583012	0.1196911197	0.3938223938
0.1930501931	0.2895752896	0.1776061776	0.3397683398
0.1081081081	0.6332046332	0.0115830116	0.2471042471
1.0	0.0	0.0	0.0
0.0	1.0	0.0	0.0
0.4787644788	0.1969111969	0.1428571429	0.1814671815
0.1042471042	0.2316602317	0.1544401544	0.5096525097
0.4285714286	0.1583011583	0.1776061776	0.2355212355
0.138996139	0.2007722008	0.2046332046	0.4555984556
0.2123552124	0.250965251	0.2857142857	0.250965251
0.2432432432	0.2277992278	0.250965251	0.277992278
0.3011583012	0.2123552124	0.2239382239	0.2625482625
0.2432432432	0.277992278	0.2239382239	0.2548262548
0.3436293436	0.2007722008	0.1891891892	0.2664092664
0.2548262548	0.2123552124	0.1969111969	0.3359073359
0.1930501931	0.2239382239	0.3281853282	0.2548262548
0.2586872587	0.2393822394	0.2162162162	0.2857142857
0.2432432432	0.2239382239	0.2316602317	0.3011583012
0.2007722008	0.2393822394	0.2586872587	0.3011583012
0.2355212355	0.2084942085	0.2664092664	0.2895752896
0.2548262548	0.250965251	0.2239382239	0.2702702703
0.277992278	0.1891891892	0.2355212355	0.2972972973
0.2239382239	0.2432432432	0.2625482625	0.2702702703
0.305019305	0.2432432432	0.1544401544	0.2972972973
0.2857142857	0.1891891892	0.2934362934	0.2316602317
>u12-gtag-five start=-20	(n=259)
A	C	G	T
0.2277992278	0.277992278	0.2741312741	0.2200772201
0.2277992278	0.2586872587	0.2316602317	0.2818532819
0.2664092664	0.2162162162	0.277992278	0.2393822394
0.2355212355	0.2007722008	0.3127413127	0.250965251
0.2548262548	0.1930501931	0.277992278	0.2741312741
0.2007722008	0.2702702703	0.277992278	0.250965251
0.2316602317	0.2625482625	0.277992278	0.2277992278
0.3397683398	0.2548262548	0.1930501931	0.2123552124
0.3011583012	0.2046332046	0.1853281853	0.3088803089
0.2625482625	0.305019305	0.2046332046	0.2277992278
0.2548262548	0.2702702703	0.2200772201	0.2548262548
0.3166023166	0.1776061776	0.2586872587	0.2471042471
0.250965251	0.2818532819	0.1969111969	0.2702702703
0.2625482625	0.2934362934	0.2355212355	0.2084942085
0.3359073359	0.1891891892	0.2239382239	0.250965251
0.2664092664	0.1853281853	0.2857142857	0.2625482625
0.3204633205	0.2162162162	0.2586872587	0.2046332046
0.3127413127	0.2200772201	0.2586872587	0.2084942085
0.250965251	0.332046332	0.1583011583	0.2586872587
0.2239382239	0.2123552124	0.1158301158	0.4478764479
0.0	0.0	1.0	0.0
0.0	0.0	0.0	1.0
1.0	0.0	0.0	0.0
0.0	0.0038610039	0.0	0.9961389961
0.0	1.0	0.0	0.0
0.0038610039	0.9575289575	0.0	0.0386100386
0.0154440154	0.0077220077	0.0038610039	0.972972973
0.0154440154	0.0308880309	0.0424710425	0.9111969112
0.0579150579	0.1969111969	0.1042471042	0.6409266409
0.166023166	0.2586872587	0.2007722008	0.3745173745
0.2355212355	0.2895752896	0.1776061776	0.2972972973
0.2200772201	0.1853281853	0.2741312741	0.3204633205
0.2393822394	0.1505791506	0.2857142857	0.3243243243
0.2277992278	0.2046332046	0.2741312741	0.2934362934
0.2432432432	0.2162162162	0.3127413127	0.2277992278
0.2355212355	0.2200772201	0.2316602317	0.3127413127
0.2857142857	0.166023166	0.2664092664	0.2818532819
0.277992278	0.2162162162	0.2393822394	0.2664092664
0.2200772201	0.2355212355	0.2741312741	0.2702702703
0.2471042471	0.2162162162	0.2393822394	0.2972972973
>u12-gtag-three start=-20	(n=259)
A	C	G	T
0.1505791506	0.3127413127	0.1467181467	0.38996139
0.0965250965	0.3629343629	0.0849420849	0.4555984556
0.0810810811	0.3590733591	0.0424710425	0.5173745174
0.1235521236	0.3552123552	0.0463320463	0.4749034749
0.1930501931	0.332046332	0.0617760618	0.4131274131
0.2664092664	0.1969111969	0.0579150579	0.4787644788
0.277992278	0.2471042471	0.1042471042	0.3706563707
0.3745173745	0.2084942085	0.1003861004	0.3166023166
0.3204633205	0.2548262548	0.1312741313	0.2934362934
0.2741312741	0.3166023166	0.1312741313	0.277992278
0.2702702703	0.2664092664	0.1235521236	0.3397683398
0.2046332046	0.1969111969	0.2123552124	0.3861003861
0.2200772201	0.2702702703	0.2046332046	0.305019305
0.1969111969	0.2857142857	0.1737451737	0.3436293436
0.1891891892	0.3204633205	0.2200772201	0.2702702703
0.1853281853	0.3011583012	0.1196911197	0.3938223938
0.1930501931	0.2895752896	0.1776061776	0.3397683398
0.1081081081	0.6332046332	0.0115830116	0.2471042471
1.0	0.0	0.0	0.0
0.0	0.0	1.0	0.0
0.4787644788	0.1969111969	0.1428571429	0.1814671815
0.1042471042	0.2316602317	0.1544401544	0.5096525097
0.4285714286	0.1583011583	0.1776061776	0.2355212355
0.138996139	0.2007722008	0.2046332046	0.4555984556
0.2123552124	0.250965251	0.2857142857	0.250965251
0.2432432432	0.2277992278	0.250965251	0.277992278
0.3011583012	0.2123552124	0.2239382239	0.2625482625
0.2432432432	0.277992278	0.2239382239	0.2548262548
0.3436293436	0.2007722008	0.1891891892	0.2664092664
0.2548262548	0.2123552124	0.1969111969	0.3359073359
0.1930501931	0.2239382239	0.3281853282	0.2548262548
0.2586872587	0.2393822394	0.2162162162	0.2857142857
0.2432432432	0.2239382239	0.2316602317	0.3011583012
0.2007722008	0.2393822394	0.2586872587	0.3011583012
0.2355212355	0.2084942085	0.2664092664	0.2895752896
0.2548262548	0.250965251	0.2239382239	0.2702702703
0.277992278	0.1891891892	0.2355212355	0.2972972973
0.2239382239	0.2432432432	0.2625482625	0.2702702703
0.305019305	0.2432432432	0.1544401544	0.2972972973
0.2857142857	0.1891891892	0.2934362934	0.2316602317
>u12-gtag-bp-vA10	(n=116)
A	C	G	T
0.1896551724	0.1465517241	0.1896551724	0.474137931
0.2068965517	0.1379310345	0.1465517241	0.5086206897
0.1465517241	0.1293103448	0.1637931034	0.5603448276
0.0689655172	0.1465517241	0.0862068966	0.6982758621
0.0	0.8965517241	0.0	0.1034482759
0.0	0.9224137931	0.0	0.0775862069
0.0	0.0	0.0	1.0
0.0	0.0	0.0	1.0
0.6637931034	0.0	0.2931034483	0.0431034483
1.0	0.0	0.0	0.0
0.0	0.7931034483	0.0	0.2068965517
0.2327586207	0.1982758621	0.1034482759	0.4655172414
>u12-atac-bp-vA10       (n=116)
A       C       G       T
0.1896551724    0.1465517241    0.1896551724    0.474137931
0.2068965517    0.1379310345    0.1465517241    0.5086206897
0.1465517241    0.1293103448    0.1637931034    0.5603448276
0.0689655172    0.1465517241    0.0862068966    0.6982758621
0.0     0.8965517241    0.0     0.1034482759
0.0     0.9224137931    0.0     0.0775862069
0.0     0.0     0.0     1.0
0.0     0.0     0.0     1.0
0.6637931034    0.0     0.2931034483    0.0431034483
1.0     0.0     0.0     0.0
0.0     0.7931034483    0.0     0.2068965517
0.2327586207    0.1982758621    0.1034482759    0.4655172414
>u12-gtag-bp-vA9	(n=92)
A	C	G	T
0.1956521739	0.0869565217	0.2065217391	0.5108695652
0.2065217391	0.0869565217	0.1304347826	0.5760869565
0.1413043478	0.1304347826	0.1739130435	0.5543478261
0.0434782609	0.1304347826	0.0869565217	0.7391304348
0.0	0.8804347826	0.0	0.1195652174
0.0	0.9130434783	0.0	0.0869565217
0.0	0.0	0.0	1.0
0.0	0.0	0.0	1.0
1.0	0.0	0.0	0.0
0.8369565217	0.0108695652	0.1086956522	0.0434782609
0.0	0.7934782609	0.0	0.2065217391
0.25	0.1630434783	0.097826087	0.4891304348
>u12-atac-bp-vA9        (n=92)
A       C       G       T
0.1956521739    0.0869565217    0.2065217391    0.5108695652
0.2065217391    0.0869565217    0.1304347826    0.5760869565
0.1413043478    0.1304347826    0.1739130435    0.5543478261
0.0434782609    0.1304347826    0.0869565217    0.7391304348
0.0     0.8804347826    0.0     0.1195652174
0.0     0.9130434783    0.0     0.0869565217
0.0     0.0     0.0     1.0
0.0     0.0     0.0     1.0
1.0     0.0     0.0     0.0
0.8369565217    0.0108695652    0.1086956522    0.0434782609
0.0     0.7934782609    0.0     0.2065217391
0.25    0.1630434783    0.097826087     0.4891304348
